#row  column  size-1  size-2  circ-1  circ-2  MedInt-1  MedInt-2
1 1 327 113 0.477 0.813 222 222
1 2 266 59 0.885 -1.0 225 227
1 3 238 160 0.349 0.915 226 241
1 4 379 196 0.525 0.974 236 241
1 5 232 63 0.912 0.983 235 234
1 6 284 176 0.36 0.926 230 241
1 7 239 170 0.929 0.949 233 240
1 8 211 94 0.892 0.909 232 235
1 9 387 56 0.587 0.927 234 225
1 10 348 76 0.412 0.944 235 232
1 11 198 0 0.89 0.0 234 0
1 12 327 74 0.489 0.954 235 235
1 13 340 174 0.368 0.947 232 241
1 14 212 179 0.904 0.955 232 242
1 15 251 161 0.334 0.921 232 235
1 16 315 181 0.408 0.952 234 236
1 17 239 156 0.598 0.915 228 240
1 18 245 148 0.899 0.948 228 237
1 19 259 151 0.397 0.909 230 235
1 20 173 175 0.832 0.921 220 239
1 21 328 0 0.369 0.0 228 0
1 22 203 114 0.411 0.96 227 231
1 23 204 142 0.862 0.91 218 232
1 24 207 125 0.931 0.98 223 224
2 1 113 197 0.912 0.918 224 239
2 2 166 168 0.917 0.961 238 241
2 3 0 0 0.0 0.0 0 0
2 4 185 210 0.919 0.924 244 248
2 5 195 198 0.925 0.902 243 246
2 6 170 179 0.949 0.942 245 245
2 7 79 171 0.982 0.922 237 244
2 8 177 200 0.954 0.919 243 243
2 9 169 40 0.943 -1.0 242 226
2 10 0 0 0.0 0.0 0 0
2 11 111 168 0.964 0.906 240 244
2 12 46 183 0.992 0.909 225 246
2 13 0 0 0.0 0.0 0 0
2 14 204 0 0.938 0.0 244 0
2 15 0 143 0.0 0.952 0 243
2 16 109 0 0.959 0.0 239 0
2 17 0 0 0.0 0.0 0 0
2 18 35 153 0.947 0.931 222 240
2 19 157 167 0.921 0.99 242 245
2 20 0 0 0.0 0.0 0 0
2 21 154 169 0.987 0.977 243 248
2 22 155 153 0.943 0.955 239 239
2 23 81 146 0.923 0.956 232 239
2 24 153 151 0.965 0.942 231 235
3 1 177 172 0.922 0.875 239 241
3 2 186 198 0.924 0.91 246 248
3 3 219 218 0.934 0.902 247 249
3 4 204 193 0.909 0.852 251 247
3 5 186 139 0.924 0.935 243 244
3 6 82 201 0.934 0.924 239 246
3 7 199 196 0.886 0.901 247 247
3 8 0 0 0.0 0.0 0 0
3 9 207 185 0.931 0.919 246 248
3 10 171 204 0.922 0.938 247 248
3 11 0 0 0.0 0.0 0 0
3 12 126 35 0.932 -1.0 244 235
3 13 0 0 0.0 0.0 0 0
3 14 152 100 0.959 0.937 244 243
3 15 152 145 0.924 0.939 244 246
3 16 151 73 0.942 0.994 243 242
3 17 216 0 0.941 0.0 248 0
3 18 0 0 0.0 0.0 0 0
3 19 202 153 0.95 0.965 245 247
3 20 0 172 0.0 0.927 0 249
3 21 141 91 0.938 0.967 240 236
3 22 0 184 0.0 0.936 0 236
3 23 178 181 0.927 0.952 243 242
3 24 77 157 -1.0 0.921 225 240
4 1 169 215 0.967 0.909 239 247
4 2 132 176 0.977 0.926 245 248
4 3 0 211 0.0 0.92 0 246
4 4 202 228 0.888 0.897 248 248
4 5 194 216 0.942 0.941 246 247
4 6 216 209 0.933 0.94 250 247
4 7 136 183 0.967 0.963 243 248
4 8 165 121 0.944 0.989 249 242
4 9 120 70 0.941 -1.0 246 238
4 10 187 172 0.929 0.936 245 245
4 11 0 156 0.0 0.949 0 245
4 12 156 121 0.915 0.948 246 243
4 13 178 189 0.959 0.918 247 242
4 14 169 165 0.977 0.934 244 248
4 15 144 167 0.933 0.965 244 247
4 16 147 0 0.952 0.0 246 0
4 17 171 0 0.9 0.0 249 0
4 18 0 0 0.0 0.0 0 0
4 19 175 0 0.953 0.0 248 0
4 20 126 200 0.988 0.94 244 247
4 21 0 203 0.0 0.904 0 245
4 22 164 0 0.938 0.0 245 0
4 23 195 0 0.947 0.0 246 0
4 24 59 175 0.976 0.953 226 237
5 1 174 196 0.938 0.893 242 244
5 2 90 215 0.943 0.909 238 249
5 3 240 163 0.925 0.966 249 247
5 4 211 202 0.928 0.861 250 244
5 5 244 143 0.885 0.893 249 245
5 6 0 0 0.0 0.0 0 0
5 7 190 219 0.967 0.934 245 248
5 8 0 99 0.0 -1.0 0 242
5 9 194 105 0.912 0.984 244 243
5 10 150 168 0.912 0.937 247 245
5 11 172 143 0.905 0.926 245 246
5 12 181 10 0.9 -1.0 247 192
5 13 0 0 0.0 0.0 0 0
5 14 173 173 0.932 0.932 247 246
5 15 166 166 0.926 0.926 247 244
5 16 0 180 0.0 0.947 0 245
5 17 128 159 0.974 0.933 247 248
5 18 142 128 0.92 0.947 248 247
5 19 199 0 0.936 0.0 247 0
5 20 0 54 0.0 0.993 0 232
5 21 0 163 0.0 0.91 0 239
5 22 178 172 0.927 0.936 240 246
5 23 0 0 0.0 0.0 0 0
5 24 193 166 0.937 0.917 243 235
6 1 94 176 0.953 0.875 237 245
6 2 192 211 0.932 0.94 249 248
6 3 224 237 0.947 0.932 250 242
6 4 219 239 0.946 0.913 247 248
6 5 205 239 0.882 0.921 246 248
6 6 245 90 0.914 0.957 248 243
6 7 222 200 0.938 0.911 245 246
6 8 200 198 0.94 0.91 246 247
6 9 154 196 0.913 0.873 242 246
6 10 204 174 0.938 0.938 246 245
6 11 82 192 -1.0 0.924 244 247
6 12 187 168 0.951 0.971 246 248
6 13 0 0 0.0 0.0 0 0
6 14 168 49 0.961 0.988 248 234
6 15 0 0 0.0 0.0 0 0
6 16 149 135 0.906 0.934 246 247
6 17 0 0 0.0 0.0 0 0
6 18 85 111 0.891 0.907 244 241
6 19 133 176 0.946 0.949 244 246
6 20 204 0 0.938 0.0 246 0
6 21 185 183 0.941 0.94 245 244
6 22 161 0 0.954 0.0 245 0
6 23 185 150 0.941 0.936 238 242
6 24 152 160 0.949 0.973 239 240
7 1 140 183 0.874 0.931 241 245
7 2 196 182 0.922 0.905 248 248
7 3 215 212 0.945 0.896 248 247
7 4 0 0 0.0 0.0 0 0
7 5 230 239 0.94 0.895 246 246
7 6 0 197 0.0 0.935 0 243
7 7 184 117 0.914 0.928 247 245
7 8 215 151 0.929 0.918 248 242
7 9 115 168 0.94 0.884 246 244
7 10 78 126 0.969 0.959 239 244
7 11 0 184 0.0 0.945 0 243
7 12 97 176 -1.0 0.926 242 244
7 13 167 185 0.955 0.919 244 244
7 14 191 0 0.928 0.0 244 0
7 15 164 142 0.972 0.91 247 243
7 16 150 0 0.972 0.0 246 0
7 17 179 0 0.942 0.0 246 0
7 18 157 143 0.955 0.952 248 244
7 19 136 0 0.967 0.0 246 0
7 20 180 187 0.947 0.929 247 246
7 21 0 207 0.0 0.943 0 246
7 22 0 155 0.0 0.909 0 243
7 23 174 173 0.938 0.91 245 243
7 24 166 165 0.917 0.889 240 240
8 1 195 148 0.908 0.959 239 243
8 2 38 31 0.974 -1.0 232 230
8 3 223 237 0.943 0.913 246 249
8 4 239 232 0.913 0.905 250 248
8 5 220 0 0.865 0.0 248 0
8 6 244 208 0.913 0.915 247 247
8 7 229 208 0.901 0.956 245 246
8 8 0 0 0.0 0.0 0 0
8 9 199 194 0.957 0.912 244 244
8 10 200 176 0.94 0.895 247 241
8 11 0 151 0.0 0.918 0 243
8 12 132 177 0.938 0.931 244 244
8 13 170 198 0.916 0.94 244 243
8 14 165 126 0.944 0.921 244 244
8 15 192 176 0.932 0.926 245 244
8 16 0 85 0.0 0.891 0 237
8 17 46 136 0.945 0.941 235 247
8 18 0 127 0.0 0.967 0 245
8 19 146 168 0.936 0.971 244 246
8 20 0 0 0.0 0.0 0 0
8 21 169 171 0.911 0.922 245 244
8 22 167 175 0.955 0.899 245 244
8 23 0 164 0.0 0.884 0 242
8 24 149 160 0.94 0.948 240 237
9 1 188 185 0.956 0.89 240 245
9 2 165 188 0.921 0.934 245 248
9 3 69 0 0.976 0.0 239 0
9 4 218 208 0.921 0.927 247 242
9 5 239 204 0.921 0.889 247 245
9 6 35 192 -1.0 0.954 230 248
9 7 145 157 0.939 0.955 244 243
9 8 197 180 0.926 0.947 246 246
9 9 170 14 0.916 -1.0 241 203
9 10 206 213 0.969 0.908 243 244
9 11 183 205 0.909 0.922 244 242
9 12 210 186 0.915 0.924 240 242
9 13 176 170 0.958 0.949 244 245
9 14 0 0 0.0 0.0 0 0
9 15 186 138 0.924 0.954 243 243
9 16 73 169 0.942 0.943 236 242
9 17 180 130 0.957 0.951 242 242
9 18 181 182 0.952 0.935 245 244
9 19 190 183 0.923 0.963 243 243
9 20 160 169 0.915 0.943 244 239
9 21 11 0 -1.0 0.0 191 0
9 22 170 183 0.949 0.931 245 246
9 23 146 167 0.911 0.965 240 244
9 24 159 127 0.933 0.929 237 234
10 1 174 192 0.938 0.924 240 241
10 2 94 188 0.953 0.956 241 247
10 3 216 46 0.933 0.992 250 234
10 4 123 212 0.936 0.896 247 248
10 5 211 199 0.928 0.944 246 246
10 6 180 183 0.916 0.94 244 242
10 7 149 0 0.93 0.0 244 0
10 8 0 134 0.0 0.906 0 242
10 9 163 84 0.956 0.957 244 238
10 10 82 208 0.983 0.906 235 243
10 11 153 187 0.931 0.951 244 240
10 12 0 0 0.0 0.0 0 0
10 13 202 155 0.929 0.933 245 241
10 14 0 162 0.0 0.96 0 242
10 15 42 45 0.906 0.97 228 231
10 16 184 173 0.968 0.965 245 241
10 17 0 146 0.0 0.946 0 245
10 18 193 191 0.937 0.919 245 244
10 19 173 128 0.942 0.91 243 238
10 20 0 173 0.0 0.932 0 244
10 21 0 33 0.0 0.965 0 226
10 22 116 119 0.936 0.973 241 239
10 23 126 108 0.921 0.98 240 235
10 24 177 65 0.931 0.92 241 223
11 1 181 88 0.952 0.968 239 239
11 2 184 183 0.914 0.94 247 247
11 3 195 208 0.896 0.927 248 246
11 4 200 0 0.899 0.0 246 0
11 5 196 177 0.922 0.954 244 247
11 6 189 57 0.889 0.985 245 236
11 7 192 105 0.954 0.953 246 241
11 8 194 89 0.912 0.979 244 237
11 9 198 219 0.91 0.926 242 243
11 10 0 0 0.0 0.0 0 0
11 11 204 215 0.947 0.917 240 243
11 12 200 0 0.891 0.0 242 0
11 13 193 186 0.916 0.933 242 241
11 14 127 189 0.94 0.939 238 243
11 15 0 138 0.0 0.954 0 240
11 16 199 167 0.936 0.955 241 243
11 17 140 136 0.968 0.967 241 247
11 18 157 180 0.955 0.947 241 241
11 19 78 127 0.969 0.903 235 241
11 20 135 185 0.923 0.919 241 242
11 21 97 113 0.951 0.952 237 242
11 22 136 149 0.93 0.94 243 243
11 23 177 156 0.954 0.915 243 238
11 24 155 165 0.967 0.968 238 236
12 1 155 99 0.967 0.887 239 239
12 2 184 189 0.936 0.939 246 247
12 3 198 204 0.952 0.889 248 244
12 4 169 0 0.911 0.0 246 0
12 5 205 174 0.934 0.971 246 243
12 6 0 0 0.0 0.0 0 0
12 7 105 108 0.953 0.883 242 239
12 8 0 0 0.0 0.0 0 0
12 9 0 0 0.0 0.0 0 0
12 10 203 185 0.942 0.919 242 244
12 11 208 191 0.935 0.949 242 244
12 12 185 172 0.95 0.96 241 239
12 13 0 193 0.0 0.937 0 243
12 14 74 0 0.92 0.0 237 0
12 15 42 106 0.951 0.962 234 238
12 16 62 154 0.928 0.913 237 239
12 17 0 187 0.0 0.938 0 241
12 18 0 0 0.0 0.0 0 0
12 19 189 185 0.918 0.932 245 245
12 20 171 10 0.931 -1.0 242 197
12 21 0 0 0.0 0.0 0 0
12 22 0 180 0.0 0.947 0 240
12 23 0 0 0.0 0.0 0 0
12 24 148 129 0.9 0.982 230 231
13 1 173 192 0.932 0.894 237 242
13 2 191 163 0.949 0.9 244 244
13 3 173 192 0.932 0.932 243 247
13 4 201 75 0.945 0.932 248 241
13 5 184 68 0.945 0.962 245 235
13 6 163 114 0.932 0.96 244 238
13 7 159 156 0.957 0.974 246 245
13 8 151 185 0.918 0.928 240 244
13 9 177 80 0.931 0.911 246 237
13 10 0 169 0.0 0.902 0 240
13 11 125 186 0.952 0.924 240 240
13 12 72 170 0.929 0.972 236 242
13 13 168 111 0.937 0.907 240 239
13 14 166 158 0.917 0.937 243 241
13 15 0 143 0.0 0.893 0 239
13 16 165 186 0.921 0.956 241 242
13 17 0 0 0.0 0.0 0 0
13 18 159 163 0.91 0.966 239 243
13 19 167 143 0.932 0.952 241 239
13 20 181 210 0.952 0.935 239 243
13 21 148 182 0.934 0.958 239 243
13 22 0 169 0.0 0.967 0 242
13 23 142 166 0.945 0.974 238 237
13 24 170 149 0.997 0.965 236 228
14 1 104 192 0.974 0.894 233 243
14 2 0 0 0.0 0.0 0 0
14 3 203 188 0.946 0.934 247 247
14 4 185 161 0.919 0.898 247 242
14 5 42 0 -1.0 0.0 229 0
14 6 0 0 0.0 0.0 0 0
14 7 183 0 0.931 0.0 241 0
14 8 135 103 0.949 0.965 239 238
14 9 169 175 0.911 0.953 242 241
14 10 15 175 -1.0 0.953 208 238
14 11 50 175 0.962 0.943 229 239
14 12 183 192 0.931 0.883 240 241
14 13 158 157 0.961 0.921 241 241
14 14 0 0 0.0 0.0 0 0
14 15 0 76 0.0 0.98 0 233
14 16 63 0 0.943 0.0 229 0
14 17 0 176 0.0 0.926 0 239
14 18 0 0 0.0 0.0 0 0
14 19 0 130 0.0 0.951 0 237
14 20 12 0 -1.0 0.0 198 0
14 21 182 137 0.935 0.937 241 238
14 22 83 163 0.946 0.942 232 237
14 23 158 158 0.927 0.843 239 230
14 24 0 147 0.0 0.894 0 230
15 1 96 107 0.941 0.864 231 234
15 2 188 0 0.934 0.0 237 0
15 3 29 177 0.953 0.954 221 241
15 4 16 69 0.927 0.993 203 234
15 5 188 170 0.934 0.916 245 241
15 6 184 165 0.945 0.921 241 238
15 7 178 155 0.906 0.943 241 239
15 8 137 165 0.947 0.889 241 239
15 9 147 158 0.918 0.927 239 238
15 10 0 10 0.0 -1.0 0 195
15 11 181 0 0.93 0.0 239 0
15 12 141 0 0.964 0.0 239 0
15 13 122 172 0.968 0.95 236 239
15 14 109 162 0.918 0.927 236 236
15 15 175 165 0.921 0.934 238 239
15 16 154 126 0.961 0.932 239 237
15 17 129 130 0.982 0.962 239 235
15 18 145 154 0.965 0.937 236 234
15 19 149 155 0.93 0.943 238 239
15 20 0 0 0.0 0.0 0 0
15 21 169 167 0.943 0.909 237 238
15 22 51 53 0.981 -1.0 221 220
15 23 155 133 0.909 0.885 235 219
15 24 154 73 0.937 0.862 229 213
16 1 160 330 0.906 0.856 226 232
16 2 184 295 0.914 0.89 235 238
16 3 183 405 0.909 0.896 243 237
16 4 147 258 0.928 0.868 232 241
16 5 162 220 0.927 0.873 240 235
16 6 180 270 0.947 0.908 236 235
16 7 149 289 0.93 0.912 235 238
16 8 0 329 0.0 0.88 0 235
16 9 158 265 0.904 0.909 233 236
16 10 113 219 0.952 0.813 232 232
16 11 148 210 0.959 0.924 235 228
16 12 149 200 0.965 0.899 234 230
16 13 152 253 0.882 0.868 232 222
16 14 160 178 0.939 0.837 230 229
16 15 146 301 0.982 0.892 236 235
16 16 104 109 0.944 0.918 230 229
16 17 175 232 0.921 0.92 236 231
16 18 154 242 0.881 0.877 235 231
16 19 120 254 0.941 0.896 232 229
16 20 159 237 0.933 0.921 235 234
16 21 0 247 0.0 0.888 0 231
16 22 165 136 0.921 0.751 237 214
16 23 157 182 0.898 0.856 227 212
16 24 125 197 0.914 0.859 224 221
