# Normalized by SGAtools 1.0.0 on 2013-03-17 14:56:15
# Image analyzed by HT colony grid analyzer 1.1.7 on 03-17-2013 14:55:58
row	col	colonysize	plateid	query	array	ncolonysize	score	kvp
1	1	280	plate.jpg.dat	1	1	589.497890093307	NA	NA
1	2	228	plate.jpg.dat	1	1	548.290251084205	NA	NA
1	3	244	plate.jpg.dat	1	17	NA	NA	status=JK
1	4	211	plate.jpg.dat	1	17	574.800006387312	NA	NA
1	5	214	plate.jpg.dat	1	33	563.998447928117	NA	NA
1	6	217	plate.jpg.dat	1	33	547.241169183436	NA	NA
1	7	185	plate.jpg.dat	1	49	450.923403168732	NA	NA
1	8	194	plate.jpg.dat	1	49	451.74722754566	NA	NA
1	9	206	plate.jpg.dat	1	65	485.997843350865	NA	NA
1	10	213	plate.jpg.dat	1	65	515.192358460258	NA	NA
1	11	193	plate.jpg.dat	1	81	474.975520199549	NA	NA
1	12	180	plate.jpg.dat	1	81	443.974335883372	NA	NA
1	13	143	plate.jpg.dat	1	97	NA	NA	status=JK
1	14	193	plate.jpg.dat	1	97	464.774320080386	NA	NA
1	15	196	plate.jpg.dat	1	113	464.759085220821	NA	NA
1	16	200	plate.jpg.dat	1	113	475.23348110253	NA	NA
1	17	144	plate.jpg.dat	1	129	NA	NA	status=JK
1	18	198	plate.jpg.dat	1	129	474.564109989645	NA	NA
1	19	190	plate.jpg.dat	1	145	448.17941215374	NA	NA
1	20	204	plate.jpg.dat	1	145	478.674748042213	NA	NA
1	21	207	plate.jpg.dat	1	161	482.495033458648	NA	NA
1	22	221	plate.jpg.dat	1	161	514.619574731039	NA	NA
1	23	220	plate.jpg.dat	1	177	512.443431068701	NA	NA
1	24	231	plate.jpg.dat	1	177	539.58972520385	NA	NA
1	25	262	plate.jpg.dat	1	193	610.581622934184	NA	NA
1	26	235	plate.jpg.dat	1	193	534.038406895653	NA	NA
1	27	205	plate.jpg.dat	1	209	462.60300991109	NA	NA
1	28	237	plate.jpg.dat	1	209	550.241365753136	NA	NA
1	29	218	plate.jpg.dat	1	225	503.837164797064	NA	NA
1	30	227	plate.jpg.dat	1	225	525.487802197647	NA	NA
1	31	161	plate.jpg.dat	1	241	365.498178732028	NA	NA
1	32	207	plate.jpg.dat	1	241	490.566289725198	NA	NA
1	33	217	plate.jpg.dat	1	257	534.310099042109	NA	NA
1	34	178	plate.jpg.dat	1	257	NA	NA	status=JK
1	35	195	plate.jpg.dat	1	273	497.548261359456	NA	NA
1	36	164	plate.jpg.dat	1	273	429.294057858993	NA	NA
1	37	139	plate.jpg.dat	1	289	379.593889608023	NA	NA
1	38	204	plate.jpg.dat	1	289	561.453845004951	NA	NA
1	39	174	plate.jpg.dat	1	305	481.979289194831	NA	NA
1	40	178	plate.jpg.dat	1	305	489.116311220319	NA	NA
1	41	201	plate.jpg.dat	1	321	546.975044735677	NA	NA
1	42	219	plate.jpg.dat	1	321	614.426739111777	NA	NA
1	43	213	plate.jpg.dat	1	337	620.182714050035	NA	NA
1	44	206	plate.jpg.dat	1	337	626.476376027976	NA	NA
1	45	239	plate.jpg.dat	1	353	720.221395394987	NA	NA
1	46	247	plate.jpg.dat	1	353	719.386907077546	NA	NA
1	47	203	plate.jpg.dat	1	369	572.474023748527	NA	NA
1	48	265	plate.jpg.dat	1	369	643.044512896843	NA	NA
2	1	242	plate.jpg.dat	1	1	573.419030629896	NA	NA
2	2	180	plate.jpg.dat	1	1	494.171695422072	NA	NA
2	3	193	plate.jpg.dat	1	17	573.156138113849	NA	NA
2	4	189	plate.jpg.dat	1	17	572.672798609019	NA	NA
2	5	194	plate.jpg.dat	1	33	569.110110815886	NA	NA
2	6	187	plate.jpg.dat	1	33	525.863215855645	NA	NA
2	7	195	plate.jpg.dat	1	49	536.484985642617	NA	NA
2	8	205	plate.jpg.dat	1	49	547.083984840081	NA	NA
2	9	188	plate.jpg.dat	1	65	501.368410117098	NA	NA
2	10	166	plate.jpg.dat	1	65	447.881253049807	NA	NA
2	11	150	plate.jpg.dat	1	81	411.288838492489	NA	NA
2	12	166	plate.jpg.dat	1	81	462.674803623597	NA	NA
2	13	187	plate.jpg.dat	1	97	522.748029876595	NA	NA
2	14	182	plate.jpg.dat	1	97	496.996557288427	NA	NA
2	15	190	plate.jpg.dat	1	113	511.806303229389	NA	NA
2	16	182	plate.jpg.dat	1	113	489.175751565904	NA	NA
2	17	174	plate.jpg.dat	1	129	470.970958583642	NA	NA
2	18	190	plate.jpg.dat	1	129	517.291741924215	NA	NA
2	19	192	plate.jpg.dat	1	145	516.849202587718	NA	NA
2	20	164	plate.jpg.dat	1	145	428.908541466227	NA	NA
2	21	178	plate.jpg.dat	1	161	465.556393756958	NA	NA
2	22	187	plate.jpg.dat	1	161	487.76723245176	NA	NA
2	23	187	plate.jpg.dat	1	177	487.46914977153	NA	NA
2	24	193	plate.jpg.dat	1	177	503.359008322575	NA	NA
2	25	182	plate.jpg.dat	1	193	463.787695165196	NA	NA
2	26	173	plate.jpg.dat	1	193	430.656555418256	NA	NA
2	27	189	plate.jpg.dat	1	209	480.126817721633	NA	NA
2	28	140	plate.jpg.dat	1	209	343.973093045674	NA	NA
2	29	207	plate.jpg.dat	1	225	541.159691188099	NA	NA
2	30	180	plate.jpg.dat	1	225	463.104041897689	NA	NA
2	31	208	plate.jpg.dat	1	241	547.041901024917	NA	NA
2	32	185	plate.jpg.dat	1	241	493.786163741533	NA	NA
2	33	188	plate.jpg.dat	1	257	522.269879625015	NA	NA
2	34	189	plate.jpg.dat	1	257	539.905276042117	NA	NA
2	35	185	plate.jpg.dat	1	273	534.681182368329	NA	NA
2	36	188	plate.jpg.dat	1	273	555.610145941221	NA	NA
2	37	188	plate.jpg.dat	1	289	575.149806317767	NA	NA
2	38	158	plate.jpg.dat	1	289	495.914364609077	NA	NA
2	39	168	plate.jpg.dat	1	305	527.212142207228	NA	NA
2	40	149	plate.jpg.dat	1	305	466.239946174695	NA	NA
2	41	147	plate.jpg.dat	1	321	457.959548482091	NA	NA
2	42	156	plate.jpg.dat	1	321	503.68297312949	NA	NA
2	43	177	plate.jpg.dat	1	337	586.465972326096	NA	NA
2	44	172	plate.jpg.dat	1	337	597.165686255287	NA	NA
2	45	155	plate.jpg.dat	1	353	563.634771746535	NA	NA
2	46	120	plate.jpg.dat	1	353	464.560839904388	NA	NA
2	47	141	plate.jpg.dat	1	369	485.395446347452	NA	NA
2	48	238	plate.jpg.dat	1	369	654.215180982583	NA	NA
3	1	245	plate.jpg.dat	1	2	549.311689416988	NA	NA
3	2	204	plate.jpg.dat	1	2	516.45974711031	NA	NA
3	3	215	plate.jpg.dat	1	18	599.612112246896	NA	NA
3	4	173	plate.jpg.dat	1	18	503.494330319706	NA	NA
3	5	192	plate.jpg.dat	1	34	543.102764713307	NA	NA
3	6	192	plate.jpg.dat	1	34	525.52895896027	NA	NA
3	7	184	plate.jpg.dat	1	50	496.033520638906	NA	NA
3	8	200	plate.jpg.dat	1	50	530.865812240829	NA	NA
3	9	194	plate.jpg.dat	1	66	517.361760331172	NA	NA
3	10	190	plate.jpg.dat	1	66	516.720923792185	NA	NA
3	11	180	plate.jpg.dat	1	82	498.666444832585	NA	NA
3	12	155	plate.jpg.dat	1	82	426.849144698951	NA	NA
3	13	176	plate.jpg.dat	1	98	487.655195590684	NA	NA
3	14	183	plate.jpg.dat	1	98	498.061361474905	NA	NA
3	15	200	plate.jpg.dat	1	114	538.877915974865	NA	NA
3	16	163	plate.jpg.dat	1	114	NA	NA	status=JK
3	17	184	plate.jpg.dat	1	130	498.616395525616	NA	NA
3	18	174	plate.jpg.dat	1	130	468.505620184972	NA	NA
3	19	194	plate.jpg.dat	1	146	521.701018099278	NA	NA
3	20	200	plate.jpg.dat	1	146	533.374516569882	NA	NA
3	21	191	plate.jpg.dat	1	162	502.133879371656	NA	NA
3	22	181	plate.jpg.dat	1	162	468.425925367308	NA	NA
3	23	213	plate.jpg.dat	1	178	NA	NA	status=JK
3	24	178	plate.jpg.dat	1	178	456.82950189615	NA	NA
3	25	200	plate.jpg.dat	1	194	513.627107666192	NA	NA
3	26	196	plate.jpg.dat	1	194	494.08921367384	NA	NA
3	27	192	plate.jpg.dat	1	210	486.288254828157	NA	NA
3	28	187	plate.jpg.dat	1	210	478.329561359557	NA	NA
3	29	205	plate.jpg.dat	1	226	532.339852904419	NA	NA
3	30	181	plate.jpg.dat	1	226	NA	NA	status=JK
3	31	207	plate.jpg.dat	1	242	540.257768764033	NA	NA
3	32	201	plate.jpg.dat	1	242	535.08906040711	NA	NA
3	33	190	plate.jpg.dat	1	258	523.217987309902	NA	NA
3	34	170	plate.jpg.dat	1	258	478.770205971214	NA	NA
3	35	129	plate.jpg.dat	1	274	364.906508332993	NA	NA
3	36	150	plate.jpg.dat	1	274	437.337111227336	NA	NA
3	37	169	plate.jpg.dat	1	290	511.22658745194	NA	NA
3	38	179	plate.jpg.dat	1	290	553.616794222283	NA	NA
3	39	162	plate.jpg.dat	1	306	502.480421618751	NA	NA
3	40	160	plate.jpg.dat	1	306	492.865425942799	NA	NA
3	41	177	plate.jpg.dat	1	322	540.977952561908	NA	NA
3	42	180	plate.jpg.dat	1	322	563.103058150362	NA	NA
3	43	163	plate.jpg.dat	1	338	527.509191537517	NA	NA
3	44	169	plate.jpg.dat	1	338	566.564180800558	NA	NA
3	45	134	plate.jpg.dat	1	354	478.422668915956	NA	NA
3	46	160	plate.jpg.dat	1	354	541.056521669464	NA	NA
3	47	186	plate.jpg.dat	1	370	560.810864295826	NA	NA
3	48	146	plate.jpg.dat	1	370	437.351534993121	NA	NA
4	1	263	plate.jpg.dat	1	2	556.267419766683	NA	NA
4	2	216	plate.jpg.dat	1	2	515.417199109301	NA	NA
4	3	210	plate.jpg.dat	1	18	560.82140392806	NA	NA
4	4	208	plate.jpg.dat	1	18	576.621538292054	NA	NA
4	5	188	plate.jpg.dat	1	34	514.219792299797	NA	NA
4	6	198	plate.jpg.dat	1	34	531.14308306346	NA	NA
4	7	168	plate.jpg.dat	1	50	443.054491661112	NA	NA
4	8	198	plate.jpg.dat	1	50	526.350550965104	NA	NA
4	9	177	plate.jpg.dat	1	66	468.442907382458	NA	NA
4	10	179	plate.jpg.dat	1	66	484.73195998623	NA	NA
4	11	190	plate.jpg.dat	1	82	529.45285235633	NA	NA
4	12	197	plate.jpg.dat	1	82	554.660298902618	NA	NA
4	13	170	plate.jpg.dat	1	98	470.380254109292	NA	NA
4	14	189	plate.jpg.dat	1	98	517.123916065839	NA	NA
4	15	191	plate.jpg.dat	1	114	514.387264135099	NA	NA
4	16	188	plate.jpg.dat	1	114	506.163160191386	NA	NA
4	17	194	plate.jpg.dat	1	130	529.913210465727	NA	NA
4	18	205	plate.jpg.dat	1	130	562.565605129417	NA	NA
4	19	185	plate.jpg.dat	1	146	NA	NA	status=JK
4	20	198	plate.jpg.dat	1	146	529.856947441287	NA	NA
4	21	191	plate.jpg.dat	1	162	504.068954915617	NA	NA
4	22	169	plate.jpg.dat	1	162	434.332491134773	NA	NA
4	23	178	plate.jpg.dat	1	178	459.771023327289	NA	NA
4	24	186	plate.jpg.dat	1	178	481.367448398468	NA	NA
4	25	206	plate.jpg.dat	1	194	532.483485017291	NA	NA
4	26	205	plate.jpg.dat	1	194	521.246527246294	NA	NA
4	27	187	plate.jpg.dat	1	210	472.602832643434	NA	NA
4	28	197	plate.jpg.dat	1	210	508.525002829302	NA	NA
4	29	207	plate.jpg.dat	1	226	538.67831174552	NA	NA
4	30	207	plate.jpg.dat	1	226	536.648417878348	NA	NA
4	31	190	plate.jpg.dat	1	242	490.59356519658	NA	NA
4	32	184	plate.jpg.dat	1	242	484.314103025218	NA	NA
4	33	178	plate.jpg.dat	1	258	485.468059336496	NA	NA
4	34	190	plate.jpg.dat	1	258	534.730760236635	NA	NA
4	35	122	plate.jpg.dat	1	274	339.288108367698	NA	NA
4	36	155	plate.jpg.dat	1	274	447.303346916682	NA	NA
4	37	163	plate.jpg.dat	1	290	488.216329712872	NA	NA
4	38	178	plate.jpg.dat	1	290	546.296502405261	NA	NA
4	39	145	plate.jpg.dat	1	306	445.646768287843	NA	NA
4	40	172	plate.jpg.dat	1	306	524.976642181823	NA	NA
4	41	172	plate.jpg.dat	1	322	521.364189350249	NA	NA
4	42	172	plate.jpg.dat	1	322	529.209403320199	NA	NA
4	43	132	plate.jpg.dat	1	338	NA	NA	status=JK
4	44	176	plate.jpg.dat	1	338	567.63269737327	NA	NA
4	45	156	plate.jpg.dat	1	354	516.881971440437	NA	NA
4	46	160	plate.jpg.dat	1	354	514.833930476266	NA	NA
4	47	187	plate.jpg.dat	1	370	536.884295093949	NA	NA
4	48	123	plate.jpg.dat	1	370	362.479134515726	NA	NA
5	1	247	plate.jpg.dat	1	3	528.586114674621	NA	NA
5	2	227	plate.jpg.dat	1	3	543.679950131311	NA	NA
5	3	218	plate.jpg.dat	1	19	NA	NA	status=JK
5	4	175	plate.jpg.dat	1	19	490.85144517807	NA	NA
5	5	183	plate.jpg.dat	1	35	511.739187069521	NA	NA
5	6	189	plate.jpg.dat	1	35	523.36004125599	NA	NA
5	7	138	plate.jpg.dat	1	51	369.088764729241	NA	NA
5	8	128	plate.jpg.dat	1	51	337.674880827394	NA	NA
5	9	186	plate.jpg.dat	1	67	526.919717353704	NA	NA
5	10	196	plate.jpg.dat	1	67	569.676271936067	NA	NA
5	11	171	plate.jpg.dat	1	83	500.982774884488	NA	NA
5	12	169	plate.jpg.dat	1	83	498.710104756415	NA	NA
5	13	214	plate.jpg.dat	1	99	642.006712091575	NA	NA
5	14	198	plate.jpg.dat	1	99	578.846574916901	NA	NA
5	15	175	plate.jpg.dat	1	115	497.583701113406	NA	NA
5	16	173	plate.jpg.dat	1	115	491.678949011202	NA	NA
5	17	91	plate.jpg.dat	1	131	237.031110520015	NA	NA
5	18	99	plate.jpg.dat	1	131	260.787622721355	NA	NA
5	19	179	plate.jpg.dat	1	147	510.490000960728	NA	NA
5	20	144	plate.jpg.dat	1	147	393.356726851045	NA	NA
5	21	180	plate.jpg.dat	1	163	502.126757296484	NA	NA
5	22	188	plate.jpg.dat	1	163	521.744062142133	NA	NA
5	23	199	plate.jpg.dat	1	179	555.186107833769	NA	NA
5	24	173	plate.jpg.dat	1	179	NA	NA	status=JK
5	25	146	plate.jpg.dat	1	195	377.552584752384	NA	NA
5	26	141	plate.jpg.dat	1	195	355.655618698764	NA	NA
5	27	206	plate.jpg.dat	1	211	561.39676562813	NA	NA
5	28	186	plate.jpg.dat	1	211	NA	NA	status=JK
5	29	102	plate.jpg.dat	1	227	242.084981151218	NA	NA
5	30	68	plate.jpg.dat	1	227	138.248799262596	NA	NA
5	31	170	plate.jpg.dat	1	243	456.955755802663	NA	NA
5	32	196	plate.jpg.dat	1	243	548.042695602914	NA	NA
5	33	131	plate.jpg.dat	1	259	363.339448065997	NA	NA
5	34	119	plate.jpg.dat	1	259	337.828441247143	NA	NA
5	35	167	plate.jpg.dat	1	275	496.096562404132	NA	NA
5	36	173	plate.jpg.dat	1	275	525.997977874786	NA	NA
5	37	103	plate.jpg.dat	1	291	316.369184837763	NA	NA
5	38	121	plate.jpg.dat	1	291	385.619714150261	NA	NA
5	39	140	plate.jpg.dat	1	307	450.363089227971	NA	NA
5	40	150	plate.jpg.dat	1	307	479.878901725863	NA	NA
5	41	141	plate.jpg.dat	1	323	447.029684425413	NA	NA
5	42	178	plate.jpg.dat	1	323	569.503506747453	NA	NA
5	43	168	plate.jpg.dat	1	339	542.472947622173	NA	NA
5	44	164	plate.jpg.dat	1	339	542.933433874789	NA	NA
5	45	175	plate.jpg.dat	1	355	580.250909751063	NA	NA
5	46	162	plate.jpg.dat	1	355	523.251364911456	NA	NA
5	47	189	plate.jpg.dat	1	371	545.964660981291	NA	NA
5	48	194	plate.jpg.dat	1	371	511.799484681591	NA	NA
6	1	265	plate.jpg.dat	1	3	525.734186703757	NA	NA
6	2	224	plate.jpg.dat	1	3	497.853446023664	NA	NA
6	3	190	plate.jpg.dat	1	19	474.86572518252	NA	NA
6	4	190	plate.jpg.dat	1	19	500.638702329101	NA	NA
6	5	201	plate.jpg.dat	1	35	536.998480844363	NA	NA
6	6	176	plate.jpg.dat	1	35	NA	NA	status=JK
6	7	171	plate.jpg.dat	1	51	457.87962095573	NA	NA
6	8	167	plate.jpg.dat	1	51	453.414705793807	NA	NA
6	9	195	plate.jpg.dat	1	67	545.940169591168	NA	NA
6	10	190	plate.jpg.dat	1	67	540.408693258633	NA	NA
6	11	190	plate.jpg.dat	1	83	552.041996873266	NA	NA
6	12	180	plate.jpg.dat	1	83	524.38180276328	NA	NA
6	13	190	plate.jpg.dat	1	99	554.341399692402	NA	NA
6	14	168	plate.jpg.dat	1	99	475.181587871956	NA	NA
6	15	192	plate.jpg.dat	1	115	540.971296264653	NA	NA
6	16	170	plate.jpg.dat	1	115	473.576974536837	NA	NA
6	17	99	plate.jpg.dat	1	131	256.815191303127	NA	NA
6	18	71	plate.jpg.dat	1	131	NA	NA	status=JK
6	19	162	plate.jpg.dat	1	147	448.815351535774	NA	NA
6	20	153	plate.jpg.dat	1	147	414.934265166065	NA	NA
6	21	196	plate.jpg.dat	1	163	543.915686324366	NA	NA
6	22	175	plate.jpg.dat	1	163	472.501479196438	NA	NA
6	23	198	plate.jpg.dat	1	179	542.446925579066	NA	NA
6	24	199	plate.jpg.dat	1	179	543.097534721949	NA	NA
6	25	153	plate.jpg.dat	1	195	391.418823303581	NA	NA
6	26	151	plate.jpg.dat	1	195	378.355155209947	NA	NA
6	27	207	plate.jpg.dat	1	211	553.633835661716	NA	NA
6	28	202	plate.jpg.dat	1	211	544.682250773121	NA	NA
6	29	119	plate.jpg.dat	1	227	286.737517190919	NA	NA
6	30	49	plate.jpg.dat	1	227	72.6731252630515	NA	NA
6	31	204	plate.jpg.dat	1	243	547.81519403743	NA	NA
6	32	191	plate.jpg.dat	1	243	518.367626045919	NA	NA
6	33	131	plate.jpg.dat	1	259	350.663039391262	NA	NA
6	34	140	plate.jpg.dat	1	259	390.75276856554	NA	NA
6	35	197	plate.jpg.dat	1	275	574.380598997272	NA	NA
6	36	187	plate.jpg.dat	1	275	553.788938903491	NA	NA
6	37	75	plate.jpg.dat	1	291	212.442712253353	NA	NA
6	38	114	plate.jpg.dat	1	291	348.15867874023	NA	NA
6	39	164	plate.jpg.dat	1	307	513.419653190887	NA	NA
6	40	152	plate.jpg.dat	1	307	470.849972212816	NA	NA
6	41	170	plate.jpg.dat	1	323	524.557286795494	NA	NA
6	42	169	plate.jpg.dat	1	323	518.354571960935	NA	NA
6	43	182	plate.jpg.dat	1	339	559.302486102935	NA	NA
6	44	143	plate.jpg.dat	1	339	NA	NA	status=JK
6	45	177	plate.jpg.dat	1	355	549.219211648851	NA	NA
6	46	187	plate.jpg.dat	1	355	554.258249452594	NA	NA
6	47	186	plate.jpg.dat	1	371	499.085596440577	NA	NA
6	48	236	plate.jpg.dat	1	371	564.557841170608	NA	NA
7	1	278	plate.jpg.dat	1	4	513.05827071917	NA	NA
7	2	210	plate.jpg.dat	1	4	431.347268470322	NA	NA
7	3	216	plate.jpg.dat	1	20	510.201201493801	NA	NA
7	4	191	plate.jpg.dat	1	20	475.014372649316	NA	NA
7	5	203	plate.jpg.dat	1	36	518.638770964743	NA	NA
7	6	186	plate.jpg.dat	1	36	474.508546467385	NA	NA
7	7	136	plate.jpg.dat	1	52	337.389379116594	NA	NA
7	8	90	plate.jpg.dat	1	52	205.310693838017	NA	NA
7	9	189	plate.jpg.dat	1	68	509.79494237506	NA	NA
7	10	201	plate.jpg.dat	1	68	556.075617630783	NA	NA
7	11	139	plate.jpg.dat	1	84	NA	NA	status=JK
7	12	191	plate.jpg.dat	1	84	541.161599550324	NA	NA
7	13	162	plate.jpg.dat	1	100	450.028418841764	NA	NA
7	14	165	plate.jpg.dat	1	100	450.788589820707	NA	NA
7	15	185	plate.jpg.dat	1	116	502.867262863285	NA	NA
7	16	181	plate.jpg.dat	1	116	491.352615891581	NA	NA
7	17	199	plate.jpg.dat	1	132	551.903256883858	NA	NA
7	18	175	plate.jpg.dat	1	132	479.077194010347	NA	NA
7	19	204	plate.jpg.dat	1	148	561.9348664807	NA	NA
7	20	195	plate.jpg.dat	1	148	528.666458366123	NA	NA
7	21	182	plate.jpg.dat	1	164	484.178783161755	NA	NA
7	22	187	plate.jpg.dat	1	164	493.143625648597	NA	NA
7	23	178	plate.jpg.dat	1	180	463.831173867816	NA	NA
7	24	184	plate.jpg.dat	1	180	478.826663925184	NA	NA
7	25	216	plate.jpg.dat	1	196	566.3209263679	NA	NA
7	26	211	plate.jpg.dat	1	196	541.955853331945	NA	NA
7	27	205	plate.jpg.dat	1	212	527.427528074858	NA	NA
7	28	202	plate.jpg.dat	1	212	524.432583672139	NA	NA
7	29	215	plate.jpg.dat	1	228	NA	NA	status=JK
7	30	208	plate.jpg.dat	1	228	536.289305777025	NA	NA
7	31	109	plate.jpg.dat	1	244	247.029132887823	NA	NA
7	32	113	plate.jpg.dat	1	244	266.630177219986	NA	NA
7	33	179	plate.jpg.dat	1	260	478.134815884937	NA	NA
7	34	185	plate.jpg.dat	1	260	508.242798348907	NA	NA
7	35	201	plate.jpg.dat	1	276	561.019770712762	NA	NA
7	36	178	plate.jpg.dat	1	276	501.723061257124	NA	NA
7	37	206	plate.jpg.dat	1	292	NA	NA	status=JK
7	38	179	plate.jpg.dat	1	292	535.440871726154	NA	NA
7	39	124	plate.jpg.dat	1	308	364.703427608924	NA	NA
7	40	118	plate.jpg.dat	1	308	343.892880538633	NA	NA
7	41	169	plate.jpg.dat	1	324	498.638150469123	NA	NA
7	42	162	plate.jpg.dat	1	324	474.192330730783	NA	NA
7	43	178	plate.jpg.dat	1	340	522.142604016627	NA	NA
7	44	178	plate.jpg.dat	1	340	524.158476857993	NA	NA
7	45	196	plate.jpg.dat	1	356	NA	NA	status=JK
7	46	174	plate.jpg.dat	1	356	480.374864934296	NA	NA
7	47	200	plate.jpg.dat	1	372	493.560920980307	NA	NA
7	48	265	plate.jpg.dat	1	372	NA	NA	status=JK
8	1	260	plate.jpg.dat	1	4	467.814029228742	NA	NA
8	2	228	plate.jpg.dat	1	4	463.174953591097	NA	NA
8	3	205	plate.jpg.dat	1	20	476.526080719809	NA	NA
8	4	163	plate.jpg.dat	1	20	394.68230171412	NA	NA
8	5	189	plate.jpg.dat	1	36	484.868301804455	NA	NA
8	6	204	plate.jpg.dat	1	36	542.431347949083	NA	NA
8	7	78	plate.jpg.dat	1	52	168.959449378565	NA	NA
8	8	117	plate.jpg.dat	1	52	296.483470065771	NA	NA
8	9	187	plate.jpg.dat	1	68	518.476568204458	NA	NA
8	10	200	plate.jpg.dat	1	68	569.116502387529	NA	NA
8	11	173	plate.jpg.dat	1	84	495.308175725551	NA	NA
8	12	177	plate.jpg.dat	1	84	512.707805258196	NA	NA
8	13	178	plate.jpg.dat	1	100	514.308450113362	NA	NA
8	14	172	plate.jpg.dat	1	100	486.290797622888	NA	NA
8	15	174	plate.jpg.dat	1	116	484.709903793132	NA	NA
8	16	198	plate.jpg.dat	1	116	NA	NA	status=JK
8	17	157	plate.jpg.dat	1	132	438.486852925335	NA	NA
8	18	187	plate.jpg.dat	1	132	531.679573424767	NA	NA
8	19	178	plate.jpg.dat	1	148	498.513128340166	NA	NA
8	20	193	plate.jpg.dat	1	148	539.215956922626	NA	NA
8	21	199	plate.jpg.dat	1	164	552.248206235021	NA	NA
8	22	194	plate.jpg.dat	1	164	530.400325473779	NA	NA
8	23	182	plate.jpg.dat	1	180	491.041716638279	NA	NA
8	24	194	plate.jpg.dat	1	180	524.686147972299	NA	NA
8	25	193	plate.jpg.dat	1	196	512.359378241241	NA	NA
8	26	209	plate.jpg.dat	1	196	551.34207056884	NA	NA
8	27	220	plate.jpg.dat	1	212	NA	NA	status=JK
8	28	202	plate.jpg.dat	1	212	538.04586967359	NA	NA
8	29	200	plate.jpg.dat	1	228	529.76885758593	NA	NA
8	30	203	plate.jpg.dat	1	228	533.391143619109	NA	NA
8	31	106	plate.jpg.dat	1	244	242.507767371949	NA	NA
8	32	110	plate.jpg.dat	1	244	261.961832835427	NA	NA
8	33	177	plate.jpg.dat	1	260	480.910845855858	NA	NA
8	34	180	plate.jpg.dat	1	260	501.956031118325	NA	NA
8	35	182	plate.jpg.dat	1	276	512.836128523954	NA	NA
8	36	190	plate.jpg.dat	1	276	548.157416859151	NA	NA
8	37	182	plate.jpg.dat	1	292	541.834417998519	NA	NA
8	38	180	plate.jpg.dat	1	292	549.006844329291	NA	NA
8	39	123	plate.jpg.dat	1	308	368.103031247988	NA	NA
8	40	115	plate.jpg.dat	1	308	340.912386401521	NA	NA
8	41	174	plate.jpg.dat	1	324	525.088168172149	NA	NA
8	42	158	plate.jpg.dat	1	324	471.83742322521	NA	NA
8	43	174	plate.jpg.dat	1	340	520.795498127714	NA	NA
8	44	182	plate.jpg.dat	1	340	NA	NA	status=JK
8	45	160	plate.jpg.dat	1	356	463.538885942432	NA	NA
8	46	169	plate.jpg.dat	1	356	460.937055554738	NA	NA
8	47	195	plate.jpg.dat	1	372	473.521068331048	NA	NA
8	48	230	plate.jpg.dat	1	372	499.994404127271	NA	NA
9	1	282	plate.jpg.dat	1	5	517.497502828526	NA	NA
9	2	243	plate.jpg.dat	1	5	503.561336185894	NA	NA
9	3	208	plate.jpg.dat	1	21	490.878611875836	NA	NA
9	4	199	plate.jpg.dat	1	21	504.771081790252	NA	NA
9	5	184	plate.jpg.dat	1	37	476.6590958136	NA	NA
9	6	186	plate.jpg.dat	1	37	494.70267709227	NA	NA
9	7	178	plate.jpg.dat	1	53	484.137342270152	NA	NA
9	8	173	plate.jpg.dat	1	53	477.092565955463	NA	NA
9	9	188	plate.jpg.dat	1	69	528.712717795825	NA	NA
9	10	168	plate.jpg.dat	1	69	475.890724648774	NA	NA
9	11	166	plate.jpg.dat	1	85	479.980544431633	NA	NA
9	12	200	plate.jpg.dat	1	85	593.590172656136	NA	NA
9	13	166	plate.jpg.dat	1	101	483.770066739514	NA	NA
9	14	165	plate.jpg.dat	1	101	471.886758075904	NA	NA
9	15	178	plate.jpg.dat	1	117	504.468329749474	NA	NA
9	16	161	plate.jpg.dat	1	117	NA	NA	status=JK
9	17	184	plate.jpg.dat	1	133	530.269612829581	NA	NA
9	18	201	plate.jpg.dat	1	133	584.070077658768	NA	NA
9	19	210	plate.jpg.dat	1	149	607.085462974337	NA	NA
9	20	161	plate.jpg.dat	1	149	448.638406556832	NA	NA
9	21	183	plate.jpg.dat	1	165	511.985244358276	NA	NA
9	22	193	plate.jpg.dat	1	165	536.703711669835	NA	NA
9	23	193	plate.jpg.dat	1	181	534.510688053621	NA	NA
9	24	176	plate.jpg.dat	1	181	478.052575172087	NA	NA
9	25	200	plate.jpg.dat	1	197	543.142787721927	NA	NA
9	26	188	plate.jpg.dat	1	197	496.266473661859	NA	NA
9	27	169	plate.jpg.dat	1	213	439.664938408247	NA	NA
9	28	163	plate.jpg.dat	1	213	424.758607968048	NA	NA
9	29	213	plate.jpg.dat	1	229	576.716823136353	NA	NA
9	30	201	plate.jpg.dat	1	229	533.361699851807	NA	NA
9	31	204	plate.jpg.dat	1	245	542.097936014449	NA	NA
9	32	204	plate.jpg.dat	1	245	550.516390507718	NA	NA
9	33	186	plate.jpg.dat	1	261	512.405473527694	NA	NA
9	34	192	plate.jpg.dat	1	261	542.915472981884	NA	NA
9	35	188	plate.jpg.dat	1	277	535.093677512152	NA	NA
9	36	208	plate.jpg.dat	1	277	NA	NA	status=JK
9	37	142	plate.jpg.dat	1	293	418.109840382407	NA	NA
9	38	144	plate.jpg.dat	1	293	436.656334579482	NA	NA
9	39	174	plate.jpg.dat	1	309	537.041115405606	NA	NA
9	40	176	plate.jpg.dat	1	309	540.064661608338	NA	NA
9	41	169	plate.jpg.dat	1	325	514.287141536975	NA	NA
9	42	160	plate.jpg.dat	1	325	483.282745537277	NA	NA
9	43	184	plate.jpg.dat	1	341	557.635592914908	NA	NA
9	44	190	plate.jpg.dat	1	341	571.237209509541	NA	NA
9	45	156	plate.jpg.dat	1	357	454.723449913147	NA	NA
9	46	146	plate.jpg.dat	1	357	399.214589147111	NA	NA
9	47	195	plate.jpg.dat	1	373	475.371951974037	NA	NA
9	48	268	plate.jpg.dat	1	373	584.306692663945	NA	NA
10	1	262	plate.jpg.dat	1	5	481.520810822964	NA	NA
10	2	234	plate.jpg.dat	1	5	487.31367999804	NA	NA
10	3	207	plate.jpg.dat	1	21	493.135513576212	NA	NA
10	4	199	plate.jpg.dat	1	21	510.185817774253	NA	NA
10	5	192	plate.jpg.dat	1	37	506.246099403271	NA	NA
10	6	195	plate.jpg.dat	1	37	528.103900300003	NA	NA
10	7	187	plate.jpg.dat	1	53	518.065760058307	NA	NA
10	8	189	plate.jpg.dat	1	53	533.36122822997	NA	NA
10	9	166	plate.jpg.dat	1	69	466.127899419121	NA	NA
10	10	186	plate.jpg.dat	1	69	538.991881221153	NA	NA
10	11	183	plate.jpg.dat	1	85	540.902981319556	NA	NA
10	12	174	plate.jpg.dat	1	85	517.194494777075	NA	NA
10	13	176	plate.jpg.dat	1	101	522.336431398606	NA	NA
10	14	172	plate.jpg.dat	1	101	500.45546165616	NA	NA
10	15	172	plate.jpg.dat	1	117	493.071270440585	NA	NA
10	16	173	plate.jpg.dat	1	117	497.012398366846	NA	NA
10	17	186	plate.jpg.dat	1	133	544.242523470547	NA	NA
10	18	176	plate.jpg.dat	1	133	513.467416604004	NA	NA
10	19	110	plate.jpg.dat	1	149	301.149930200047	NA	NA
10	20	189	plate.jpg.dat	1	149	544.246238032132	NA	NA
10	21	197	plate.jpg.dat	1	165	564.042423522684	NA	NA
10	22	165	plate.jpg.dat	1	165	458.200751288994	NA	NA
10	23	196	plate.jpg.dat	1	181	552.639043210999	NA	NA
10	24	183	plate.jpg.dat	1	181	508.633538546364	NA	NA
10	25	192	plate.jpg.dat	1	197	527.039913172878	NA	NA
10	26	203	plate.jpg.dat	1	197	550.170118294071	NA	NA
10	27	179	plate.jpg.dat	1	213	NA	NA	status=JK
10	28	162	plate.jpg.dat	1	213	427.893012713982	NA	NA
10	29	187	plate.jpg.dat	1	229	502.305372624543	NA	NA
10	30	202	plate.jpg.dat	1	229	541.713680054537	NA	NA
10	31	205	plate.jpg.dat	1	245	549.979097019054	NA	NA
10	32	184	plate.jpg.dat	1	245	NA	NA	status=JK
10	33	184	plate.jpg.dat	1	261	509.968590157252	NA	NA
10	34	174	plate.jpg.dat	1	261	490.040663938233	NA	NA
10	35	182	plate.jpg.dat	1	277	519.850752781517	NA	NA
10	36	179	plate.jpg.dat	1	277	521.334229073586	NA	NA
10	37	145	plate.jpg.dat	1	293	431.169975052122	NA	NA
10	38	154	plate.jpg.dat	1	293	473.140763532625	NA	NA
10	39	174	plate.jpg.dat	1	309	541.657494215679	NA	NA
10	40	176	plate.jpg.dat	1	309	544.840922449439	NA	NA
10	41	173	plate.jpg.dat	1	325	531.638411936738	NA	NA
10	42	174	plate.jpg.dat	1	325	532.292247095631	NA	NA
10	43	181	plate.jpg.dat	1	341	552.698189343196	NA	NA
10	44	179	plate.jpg.dat	1	341	540.901275144739	NA	NA
10	45	141	plate.jpg.dat	1	357	412.030600877935	NA	NA
10	46	175	plate.jpg.dat	1	357	481.763209242932	NA	NA
10	47	185	plate.jpg.dat	1	373	452.012793210876	NA	NA
10	48	182	plate.jpg.dat	1	373	397.575227819682	NA	NA
11	1	288	plate.jpg.dat	1	6	544.845279820462	NA	NA
11	2	220	plate.jpg.dat	1	6	464.873697132405	NA	NA
11	3	206	plate.jpg.dat	1	22	501.279246399933	NA	NA
11	4	181	plate.jpg.dat	1	22	468.280314306539	NA	NA
11	5	186	plate.jpg.dat	1	38	499.11529040844	NA	NA
11	6	178	plate.jpg.dat	1	38	486.402551667581	NA	NA
11	7	178	plate.jpg.dat	1	54	500.533654360974	NA	NA
11	8	179	plate.jpg.dat	1	54	512.593151548504	NA	NA
11	9	182	plate.jpg.dat	1	70	526.863069280435	NA	NA
11	10	205	plate.jpg.dat	1	70	NA	NA	status=JK
11	11	149	plate.jpg.dat	1	86	441.495742518455	NA	NA
11	12	149	plate.jpg.dat	1	86	446.622915615242	NA	NA
11	13	111	plate.jpg.dat	1	102	323.2055927271	NA	NA
11	14	165	plate.jpg.dat	1	102	489.328517744226	NA	NA
11	15	86	plate.jpg.dat	1	118	235.630132517558	NA	NA
11	16	83	plate.jpg.dat	1	118	226.689196450383	NA	NA
11	17	183	plate.jpg.dat	1	134	547.774401504986	NA	NA
11	18	177	plate.jpg.dat	1	134	529.796724359374	NA	NA
11	19	164	plate.jpg.dat	1	150	484.132132665085	NA	NA
11	20	160	plate.jpg.dat	1	150	466.753448315105	NA	NA
11	21	197	plate.jpg.dat	1	166	579.670170936212	NA	NA
11	22	192	plate.jpg.dat	1	166	557.917420323596	NA	NA
11	23	179	plate.jpg.dat	1	182	514.700448272251	NA	NA
11	24	172	plate.jpg.dat	1	182	489.16489855352	NA	NA
11	25	143	plate.jpg.dat	1	198	387.856205325808	NA	NA
11	26	143	plate.jpg.dat	1	198	378.635277449994	NA	NA
11	27	147	plate.jpg.dat	1	214	390.725742293283	NA	NA
11	28	141	plate.jpg.dat	1	214	373.082758220632	NA	NA
11	29	200	plate.jpg.dat	1	230	554.889719935039	NA	NA
11	30	206	plate.jpg.dat	1	230	565.48329480414	NA	NA
11	31	180	plate.jpg.dat	1	246	483.89478277564	NA	NA
11	32	180	plate.jpg.dat	1	246	491.354783020133	NA	NA
11	33	189	plate.jpg.dat	1	262	535.185316189904	NA	NA
11	34	202	plate.jpg.dat	1	262	588.09753398711	NA	NA
11	35	179	plate.jpg.dat	1	278	519.712175732509	NA	NA
11	36	198	plate.jpg.dat	1	278	NA	NA	status=JK
11	37	179	plate.jpg.dat	1	294	551.103496914495	NA	NA
11	38	175	plate.jpg.dat	1	294	552.656648812133	NA	NA
11	39	172	plate.jpg.dat	1	310	546.033129270858	NA	NA
11	40	174	plate.jpg.dat	1	310	549.224040649902	NA	NA
11	41	153	plate.jpg.dat	1	326	477.206674741048	NA	NA
11	42	177	plate.jpg.dat	1	326	552.756150832219	NA	NA
11	43	167	plate.jpg.dat	1	342	518.405103858784	NA	NA
11	44	153	plate.jpg.dat	1	342	468.365048510682	NA	NA
11	45	157	plate.jpg.dat	1	358	467.795058097219	NA	NA
11	46	172	plate.jpg.dat	1	358	480.188499480179	NA	NA
11	47	208	plate.jpg.dat	1	374	515.406530155025	NA	NA
11	48	243	plate.jpg.dat	1	374	537.574543690087	NA	NA
12	1	295	plate.jpg.dat	1	6	580.679984595025	NA	NA
12	2	233	plate.jpg.dat	1	6	515.224254534372	NA	NA
12	3	187	plate.jpg.dat	1	22	468.012967830911	NA	NA
12	4	182	plate.jpg.dat	1	22	489.850193380716	NA	NA
12	5	178	plate.jpg.dat	1	38	492.536212813977	NA	NA
12	6	171	plate.jpg.dat	1	38	480.94130700198	NA	NA
12	7	174	plate.jpg.dat	1	54	504.500855325928	NA	NA
12	8	182	plate.jpg.dat	1	54	NA	NA	status=JK
12	9	183	plate.jpg.dat	1	70	547.19814921232	NA	NA
12	10	175	plate.jpg.dat	1	70	531.331448818246	NA	NA
12	11	145	plate.jpg.dat	1	86	442.803792375825	NA	NA
12	12	146	plate.jpg.dat	1	86	451.359261349841	NA	NA
12	13	133	plate.jpg.dat	1	102	407.761224390027	NA	NA
12	14	159	plate.jpg.dat	1	102	485.858355355151	NA	NA
12	15	107	plate.jpg.dat	1	118	312.835336351539	NA	NA
12	16	100	plate.jpg.dat	1	118	291.665495046233	NA	NA
12	17	189	plate.jpg.dat	1	134	586.784091576436	NA	NA
12	18	141	plate.jpg.dat	1	134	430.880129547753	NA	NA
12	19	169	plate.jpg.dat	1	150	519.481428737229	NA	NA
12	20	161	plate.jpg.dat	1	150	489.165710859716	NA	NA
12	21	206	plate.jpg.dat	1	166	631.646974655384	NA	NA
12	22	178	plate.jpg.dat	1	166	534.867689190487	NA	NA
12	23	162	plate.jpg.dat	1	182	480.761977955189	NA	NA
12	24	174	plate.jpg.dat	1	182	516.531972964863	NA	NA
12	25	139	plate.jpg.dat	1	198	392.523259278545	NA	NA
12	26	148	plate.jpg.dat	1	198	411.30264945559	NA	NA
12	27	140	plate.jpg.dat	1	214	384.580361676733	NA	NA
12	28	137	plate.jpg.dat	1	214	375.079134850838	NA	NA
12	29	208	plate.jpg.dat	1	230	NA	NA	status=JK
12	30	196	plate.jpg.dat	1	230	552.162805405688	NA	NA
12	31	180	plate.jpg.dat	1	246	500.027444554171	NA	NA
12	32	173	plate.jpg.dat	1	246	485.082363114628	NA	NA
12	33	196	plate.jpg.dat	1	262	574.748115818552	NA	NA
12	34	183	plate.jpg.dat	1	262	543.976257553981	NA	NA
12	35	165	plate.jpg.dat	1	278	490.504115195243	NA	NA
12	36	165	plate.jpg.dat	1	278	502.01621943302	NA	NA
12	37	163	plate.jpg.dat	1	294	515.513240059352	NA	NA
12	38	156	plate.jpg.dat	1	294	506.521114697092	NA	NA
12	39	197	plate.jpg.dat	1	310	NA	NA	status=JK
12	40	170	plate.jpg.dat	1	310	554.446833855998	NA	NA
12	41	147	plate.jpg.dat	1	326	473.73338136284	NA	NA
12	42	172	plate.jpg.dat	1	326	554.650728615588	NA	NA
12	43	175	plate.jpg.dat	1	342	562.336318734942	NA	NA
12	44	167	plate.jpg.dat	1	342	529.345265947212	NA	NA
12	45	158	plate.jpg.dat	1	358	485.752046546774	NA	NA
12	46	171	plate.jpg.dat	1	358	491.625067866739	NA	NA
12	47	210	plate.jpg.dat	1	374	535.231492568045	NA	NA
12	48	261	plate.jpg.dat	1	374	NA	NA	status=JK
13	1	293	plate.jpg.dat	1	7	569.807983193495	NA	NA
13	2	206	plate.jpg.dat	1	7	445.852195228567	NA	NA
13	3	152	plate.jpg.dat	1	23	367.371283333315	NA	NA
13	4	147	plate.jpg.dat	1	23	380.849783300217	NA	NA
13	5	186	plate.jpg.dat	1	39	511.895903814217	NA	NA
13	6	186	plate.jpg.dat	1	39	522.560648024148	NA	NA
13	7	173	plate.jpg.dat	1	55	495.365041794044	NA	NA
13	8	177	plate.jpg.dat	1	55	516.482190409639	NA	NA
13	9	183	plate.jpg.dat	1	71	539.70386009001	NA	NA
13	10	173	plate.jpg.dat	1	71	517.430146026414	NA	NA
13	11	175	plate.jpg.dat	1	87	535.573701778402	NA	NA
13	12	153	plate.jpg.dat	1	87	468.466798214431	NA	NA
13	13	176	plate.jpg.dat	1	103	542.838156141237	NA	NA
13	14	195	plate.jpg.dat	1	103	594.548524843672	NA	NA
13	15	179	plate.jpg.dat	1	119	537.006379968488	NA	NA
13	16	168	plate.jpg.dat	1	119	505.179701687943	NA	NA
13	17	128	plate.jpg.dat	1	135	384.289106033541	NA	NA
13	18	162	plate.jpg.dat	1	135	495.557969149002	NA	NA
13	19	168	plate.jpg.dat	1	151	512.300193655093	NA	NA
13	20	171	plate.jpg.dat	1	151	518.439535831775	NA	NA
13	21	122	plate.jpg.dat	1	167	358.129621587048	NA	NA
13	22	133	plate.jpg.dat	1	167	388.594189100303	NA	NA
13	23	196	plate.jpg.dat	1	183	587.848175024167	NA	NA
13	24	146	plate.jpg.dat	1	183	423.92430049374	NA	NA
13	25	190	plate.jpg.dat	1	199	553.888958046024	NA	NA
13	26	179	plate.jpg.dat	1	199	506.78525756428	NA	NA
13	27	191	plate.jpg.dat	1	215	544.007963210215	NA	NA
13	28	191	plate.jpg.dat	1	215	545.08100038449	NA	NA
13	29	207	plate.jpg.dat	1	231	NA	NA	status=JK
13	30	196	plate.jpg.dat	1	231	545.217606208562	NA	NA
13	31	196	plate.jpg.dat	1	247	543.673334018098	NA	NA
13	32	213	plate.jpg.dat	1	247	604.337320310937	NA	NA
13	33	151	plate.jpg.dat	1	263	423.578729834446	NA	NA
13	34	154	plate.jpg.dat	1	263	443.484156341491	NA	NA
13	35	187	plate.jpg.dat	1	279	554.615756658704	NA	NA
13	36	175	plate.jpg.dat	1	279	527.987018791936	NA	NA
13	37	139	plate.jpg.dat	1	295	430.382925936921	NA	NA
13	38	141	plate.jpg.dat	1	295	450.715392351702	NA	NA
13	39	162	plate.jpg.dat	1	311	524.681006648119	NA	NA
13	40	162	plate.jpg.dat	1	311	521.500299312163	NA	NA
13	41	154	plate.jpg.dat	1	327	491.42872984877	NA	NA
13	42	146	plate.jpg.dat	1	327	462.975552966455	NA	NA
13	43	85	plate.jpg.dat	1	343	263.231170207906	NA	NA
13	44	158	plate.jpg.dat	1	343	493.653230674723	NA	NA
13	45	171	plate.jpg.dat	1	359	519.03149116751	NA	NA
13	46	163	plate.jpg.dat	1	359	NA	NA	status=JK
13	47	210	plate.jpg.dat	1	375	526.318325388893	NA	NA
13	48	266	plate.jpg.dat	1	375	594.187876215427	NA	NA
14	1	238	plate.jpg.dat	1	7	464.240414889723	NA	NA
14	2	235	plate.jpg.dat	1	7	523.298785356793	NA	NA
14	3	147	plate.jpg.dat	1	23	360.923525141756	NA	NA
14	4	182	plate.jpg.dat	1	23	NA	NA	status=JK
14	5	183	plate.jpg.dat	1	39	511.319339386571	NA	NA
14	6	181	plate.jpg.dat	1	39	515.202199691139	NA	NA
14	7	185	plate.jpg.dat	1	55	542.21833977351	NA	NA
14	8	177	plate.jpg.dat	1	55	524.579751306671	NA	NA
14	9	171	plate.jpg.dat	1	71	508.75754388434	NA	NA
14	10	162	plate.jpg.dat	1	71	488.94401929418	NA	NA
14	11	145	plate.jpg.dat	1	87	443.77227175055	NA	NA
14	12	174	plate.jpg.dat	1	87	545.451321003634	NA	NA
14	13	181	plate.jpg.dat	1	103	567.212475911228	NA	NA
14	14	170	plate.jpg.dat	1	103	522.454608797859	NA	NA
14	15	161	plate.jpg.dat	1	119	488.436105927172	NA	NA
14	16	175	plate.jpg.dat	1	119	536.960192927563	NA	NA
14	17	146	plate.jpg.dat	1	135	451.436329671693	NA	NA
14	18	169	plate.jpg.dat	1	135	528.948162845217	NA	NA
14	19	146	plate.jpg.dat	1	151	NA	NA	status=JK
14	20	173	plate.jpg.dat	1	151	537.112302358634	NA	NA
14	21	135	plate.jpg.dat	1	167	410.897981547575	NA	NA
14	22	136	plate.jpg.dat	1	167	409.646633220739	NA	NA
14	23	165	plate.jpg.dat	1	183	501.32122157099	NA	NA
14	24	190	plate.jpg.dat	1	183	578.848589951169	NA	NA
14	25	172	plate.jpg.dat	1	199	508.806029119939	NA	NA
14	26	205	plate.jpg.dat	1	199	601.024204160825	NA	NA
14	27	177	plate.jpg.dat	1	215	511.181773939454	NA	NA
14	28	184	plate.jpg.dat	1	215	533.740968467318	NA	NA
14	29	189	plate.jpg.dat	1	231	542.547098328894	NA	NA
14	30	195	plate.jpg.dat	1	231	552.409078951703	NA	NA
14	31	199	plate.jpg.dat	1	247	563.258675734519	NA	NA
14	32	199	plate.jpg.dat	1	247	570.60678819665	NA	NA
14	33	161	plate.jpg.dat	1	263	464.125101638049	NA	NA
14	34	136	plate.jpg.dat	1	263	393.465147274661	NA	NA
14	35	187	plate.jpg.dat	1	279	564.131206752538	NA	NA
14	36	173	plate.jpg.dat	1	279	530.825222484567	NA	NA
14	37	138	plate.jpg.dat	1	295	435.762186579234	NA	NA
14	38	145	plate.jpg.dat	1	295	473.388715876055	NA	NA
14	39	159	plate.jpg.dat	1	311	524.348034362738	NA	NA
14	40	166	plate.jpg.dat	1	311	NA	NA	status=JK
14	41	179	plate.jpg.dat	1	327	NA	NA	status=JK
14	42	155	plate.jpg.dat	1	327	501.43245620406	NA	NA
14	43	151	plate.jpg.dat	1	343	486.268507989386	NA	NA
14	44	114	plate.jpg.dat	1	343	360.371942663481	NA	NA
14	45	168	plate.jpg.dat	1	359	517.925509769633	NA	NA
14	46	184	plate.jpg.dat	1	359	528.83342559544	NA	NA
14	47	182	plate.jpg.dat	1	375	461.91505659226	NA	NA
14	48	222	plate.jpg.dat	1	375	501.864054492601	NA	NA
15	1	293	plate.jpg.dat	1	8	554.069862414057	NA	NA
15	2	239	plate.jpg.dat	1	8	510.389385044693	NA	NA
15	3	201	plate.jpg.dat	1	24	489.999712211422	NA	NA
15	4	191	plate.jpg.dat	1	24	499.366143574096	NA	NA
15	5	190	plate.jpg.dat	1	40	510.779950387356	NA	NA
15	6	160	plate.jpg.dat	1	40	NA	NA	status=JK
15	7	172	plate.jpg.dat	1	56	479.378103791364	NA	NA
15	8	161	plate.jpg.dat	1	56	NA	NA	status=JK
15	9	181	plate.jpg.dat	1	72	518.197101337126	NA	NA
15	10	182	plate.jpg.dat	1	72	530.85013654298	NA	NA
15	11	171	plate.jpg.dat	1	88	507.838151706873	NA	NA
15	12	176	plate.jpg.dat	1	88	528.779039958811	NA	NA
15	13	182	plate.jpg.dat	1	104	546.317497105514	NA	NA
15	14	176	plate.jpg.dat	1	104	519.388423882068	NA	NA
15	15	186	plate.jpg.dat	1	120	545.201077669083	NA	NA
15	16	179	plate.jpg.dat	1	120	528.636190479641	NA	NA
15	17	169	plate.jpg.dat	1	136	506.756677892415	NA	NA
15	18	168	plate.jpg.dat	1	136	507.323861399759	NA	NA
15	19	198	plate.jpg.dat	1	152	599.204852347125	NA	NA
15	20	202	plate.jpg.dat	1	152	608.556410075522	NA	NA
15	21	172	plate.jpg.dat	1	168	512.807791194357	NA	NA
15	22	158	plate.jpg.dat	1	168	NA	NA	status=JK
15	23	184	plate.jpg.dat	1	184	543.833478418912	NA	NA
15	24	159	plate.jpg.dat	1	184	NA	NA	status=JK
15	25	64	plate.jpg.dat	1	200	161.056678325169	NA	NA
15	26	54	plate.jpg.dat	1	200	123.097119429578	NA	NA
15	27	177	plate.jpg.dat	1	216	492.844655368822	NA	NA
15	28	161	plate.jpg.dat	1	216	443.394408455245	NA	NA
15	29	184	plate.jpg.dat	1	232	506.974616614511	NA	NA
15	30	187	plate.jpg.dat	1	232	507.460683904277	NA	NA
15	31	194	plate.jpg.dat	1	248	526.813528427684	NA	NA
15	32	198	plate.jpg.dat	1	248	545.648988092626	NA	NA
15	33	190	plate.jpg.dat	1	264	535.960919937751	NA	NA
15	34	184	plate.jpg.dat	1	264	527.826363021275	NA	NA
15	35	189	plate.jpg.dat	1	280	547.851770106552	NA	NA
15	36	174	plate.jpg.dat	1	280	513.07779752347	NA	NA
15	37	160	plate.jpg.dat	1	296	489.438793470102	NA	NA
15	38	158	plate.jpg.dat	1	296	497.313006444216	NA	NA
15	39	161	plate.jpg.dat	1	312	510.323011801748	NA	NA
15	40	192	plate.jpg.dat	1	312	NA	NA	status=JK
15	41	152	plate.jpg.dat	1	328	474.378830089098	NA	NA
15	42	150	plate.jpg.dat	1	328	465.769039504047	NA	NA
15	43	173	plate.jpg.dat	1	344	535.67432198838	NA	NA
15	44	160	plate.jpg.dat	1	344	487.877702130286	NA	NA
15	45	173	plate.jpg.dat	1	360	511.023233882702	NA	NA
15	46	162	plate.jpg.dat	1	360	445.200329230727	NA	NA
15	47	158	plate.jpg.dat	1	376	NA	NA	status=JK
15	48	230	plate.jpg.dat	1	376	496.345066088451	NA	NA
16	1	273	plate.jpg.dat	1	8	510.513261880754	NA	NA
16	2	225	plate.jpg.dat	1	8	475.11243941832	NA	NA
16	3	195	plate.jpg.dat	1	24	471.096656253056	NA	NA
16	4	178	plate.jpg.dat	1	24	459.618330478886	NA	NA
16	5	184	plate.jpg.dat	1	40	490.663770796894	NA	NA
16	6	180	plate.jpg.dat	1	40	488.544968149762	NA	NA
16	7	172	plate.jpg.dat	1	56	477.794354155276	NA	NA
16	8	169	plate.jpg.dat	1	56	476.568929883724	NA	NA
16	9	160	plate.jpg.dat	1	72	NA	NA	status=JK
16	10	180	plate.jpg.dat	1	72	523.470485450166	NA	NA
16	11	181	plate.jpg.dat	1	88	538.610536120653	NA	NA
16	12	183	plate.jpg.dat	1	88	550.266078639179	NA	NA
16	13	176	plate.jpg.dat	1	104	527.290521718655	NA	NA
16	14	195	plate.jpg.dat	1	104	577.711497885366	NA	NA
16	15	195	plate.jpg.dat	1	120	572.93965620087	NA	NA
16	16	197	plate.jpg.dat	1	120	584.522047090141	NA	NA
16	17	154	plate.jpg.dat	1	136	463.102195403686	NA	NA
16	18	162	plate.jpg.dat	1	136	491.919761468354	NA	NA
16	19	201	plate.jpg.dat	1	152	611.529166195908	NA	NA
16	20	203	plate.jpg.dat	1	152	614.846721447985	NA	NA
16	21	171	plate.jpg.dat	1	168	513.748950884681	NA	NA
16	22	172	plate.jpg.dat	1	168	512.359979621203	NA	NA
16	23	182	plate.jpg.dat	1	184	541.520084458795	NA	NA
16	24	181	plate.jpg.dat	1	184	534.853286101729	NA	NA
16	25	50	plate.jpg.dat	1	200	124.884759583567	NA	NA
16	26	79	plate.jpg.dat	1	200	204.180487304632	NA	NA
16	27	187	plate.jpg.dat	1	216	525.99379051686	NA	NA
16	28	180	plate.jpg.dat	1	216	504.398533459621	NA	NA
16	29	178	plate.jpg.dat	1	232	491.317165225489	NA	NA
16	30	190	plate.jpg.dat	1	232	518.930914754755	NA	NA
16	31	181	plate.jpg.dat	1	248	490.445108027338	NA	NA
16	32	194	plate.jpg.dat	1	248	535.459401235441	NA	NA
16	33	199	plate.jpg.dat	1	264	564.839214499588	NA	NA
16	34	175	plate.jpg.dat	1	264	501.338198873	NA	NA
16	35	180	plate.jpg.dat	1	280	520.86128668046	NA	NA
16	36	164	plate.jpg.dat	1	280	482.63604852767	NA	NA
16	37	161	plate.jpg.dat	1	296	492.818301563847	NA	NA
16	38	150	plate.jpg.dat	1	296	NA	NA	status=JK
16	39	164	plate.jpg.dat	1	312	519.449314781111	NA	NA
16	40	165	plate.jpg.dat	1	312	518.854528739635	NA	NA
16	41	155	plate.jpg.dat	1	328	483.247045839104	NA	NA
16	42	154	plate.jpg.dat	1	328	477.844990571062	NA	NA
16	43	168	plate.jpg.dat	1	344	519.22393399983	NA	NA
16	44	164	plate.jpg.dat	1	344	499.264258036706	NA	NA
16	45	156	plate.jpg.dat	1	360	459.79432792997	NA	NA
16	46	185	plate.jpg.dat	1	360	507.00707705673	NA	NA
16	47	207	plate.jpg.dat	1	376	500.195945032786	NA	NA
16	48	228	plate.jpg.dat	1	376	489.645323980463	NA	NA
17	1	272	plate.jpg.dat	1	9	526.753182087838	NA	NA
17	2	223	plate.jpg.dat	1	9	NA	NA	status=JK
17	3	181	plate.jpg.dat	1	25	450.610193552315	NA	NA
17	4	176	plate.jpg.dat	1	25	470.894468980013	NA	NA
17	5	184	plate.jpg.dat	1	41	508.587720978572	NA	NA
17	6	181	plate.jpg.dat	1	41	509.396207989836	NA	NA
17	7	187	plate.jpg.dat	1	57	542.685571873705	NA	NA
17	8	195	plate.jpg.dat	1	57	576.934572928614	NA	NA
17	9	82	plate.jpg.dat	1	73	224.224600447033	NA	NA
17	10	62	plate.jpg.dat	1	73	167.562122101341	NA	NA
17	11	171	plate.jpg.dat	1	89	527.360535869043	NA	NA
17	12	164	plate.jpg.dat	1	89	510.362744170072	NA	NA
17	13	112	plate.jpg.dat	1	105	342.867134707479	NA	NA
17	14	160	plate.jpg.dat	1	105	490.650665995526	NA	NA
17	15	165	plate.jpg.dat	1	121	503.172083315926	NA	NA
17	16	174	plate.jpg.dat	1	121	537.074775326979	NA	NA
17	17	68	plate.jpg.dat	1	137	NA	NA	status=JK
17	18	75	plate.jpg.dat	1	137	237.594541698747	NA	NA
17	19	173	plate.jpg.dat	1	153	548.958507323541	NA	NA
17	20	171	plate.jpg.dat	1	153	540.141215818745	NA	NA
17	21	113	plate.jpg.dat	1	169	354.118073717725	NA	NA
17	22	107	plate.jpg.dat	1	169	331.13581834333	NA	NA
17	23	191	plate.jpg.dat	1	185	593.093505941843	NA	NA
17	24	167	plate.jpg.dat	1	185	513.586246533784	NA	NA
17	25	166	plate.jpg.dat	1	201	498.255831800397	NA	NA
17	26	162	plate.jpg.dat	1	201	472.983544770566	NA	NA
17	27	176	plate.jpg.dat	1	217	514.258054044123	NA	NA
17	28	178	plate.jpg.dat	1	217	519.987366478559	NA	NA
17	29	173	plate.jpg.dat	1	233	497.285566854888	NA	NA
17	30	179	plate.jpg.dat	1	233	507.773466417592	NA	NA
17	31	191	plate.jpg.dat	1	249	542.94316697689	NA	NA
17	32	186	plate.jpg.dat	1	249	533.834082183939	NA	NA
17	33	146	plate.jpg.dat	1	265	422.226804883615	NA	NA
17	34	152	plate.jpg.dat	1	265	449.7010717536	NA	NA
17	35	188	plate.jpg.dat	1	281	566.905456493211	NA	NA
17	36	164	plate.jpg.dat	1	281	501.543839587874	NA	NA
17	37	166	plate.jpg.dat	1	297	527.836935814938	NA	NA
17	38	172	plate.jpg.dat	1	297	561.691750182108	NA	NA
17	39	152	plate.jpg.dat	1	313	NA	NA	status=JK
17	40	164	plate.jpg.dat	1	313	533.767456032948	NA	NA
17	41	150	plate.jpg.dat	1	329	484.084026344361	NA	NA
17	42	176	plate.jpg.dat	1	329	565.438242931263	NA	NA
17	43	142	plate.jpg.dat	1	345	454.285303781449	NA	NA
17	44	154	plate.jpg.dat	1	345	485.366410813921	NA	NA
17	45	164	plate.jpg.dat	1	361	500.34484403269	NA	NA
17	46	161	plate.jpg.dat	1	361	456.676138300149	NA	NA
17	47	196	plate.jpg.dat	1	377	489.735781635589	NA	NA
17	48	250	plate.jpg.dat	1	377	554.455705651841	NA	NA
18	1	267	plate.jpg.dat	1	9	528.748125576159	NA	NA
18	2	236	plate.jpg.dat	1	9	530.415960792917	NA	NA
18	3	195	plate.jpg.dat	1	25	500.929339280004	NA	NA
18	4	200	plate.jpg.dat	1	25	554.687710779955	NA	NA
18	5	182	plate.jpg.dat	1	41	515.235150451837	NA	NA
18	6	176	plate.jpg.dat	1	41	506.328100883404	NA	NA
18	7	185	plate.jpg.dat	1	57	549.674201041675	NA	NA
18	8	177	plate.jpg.dat	1	57	533.355820593277	NA	NA
18	9	75	plate.jpg.dat	1	73	210.509052770552	NA	NA
18	10	69	plate.jpg.dat	1	73	198.525529332725	NA	NA
18	11	182	plate.jpg.dat	1	89	578.18400057139	NA	NA
18	12	144	plate.jpg.dat	1	89	458.84945697498	NA	NA
18	13	158	plate.jpg.dat	1	105	504.847208252118	NA	NA
18	14	131	plate.jpg.dat	1	105	412.380242180961	NA	NA
18	15	128	plate.jpg.dat	1	121	NA	NA	status=JK
18	16	169	plate.jpg.dat	1	121	537.343062125334	NA	NA
18	17	75	plate.jpg.dat	1	137	245.626084318946	NA	NA
18	18	71	plate.jpg.dat	1	137	236.430364095516	NA	NA
18	19	126	plate.jpg.dat	1	153	414.74991106968	NA	NA
18	20	153	plate.jpg.dat	1	153	499.209587154281	NA	NA
18	21	118	plate.jpg.dat	1	169	383.276335782655	NA	NA
18	22	115	plate.jpg.dat	1	169	369.040882368949	NA	NA
18	23	149	plate.jpg.dat	1	185	474.977403054735	NA	NA
18	24	171	plate.jpg.dat	1	185	541.310295094812	NA	NA
18	25	149	plate.jpg.dat	1	201	458.542229612741	NA	NA
18	26	161	plate.jpg.dat	1	201	483.629424244248	NA	NA
18	27	162	plate.jpg.dat	1	217	NA	NA	status=JK
18	28	171	plate.jpg.dat	1	217	512.270513963969	NA	NA
18	29	168	plate.jpg.dat	1	233	495.982281149515	NA	NA
18	30	183	plate.jpg.dat	1	233	NA	NA	status=JK
18	31	187	plate.jpg.dat	1	249	545.960788174016	NA	NA
18	32	203	plate.jpg.dat	1	249	NA	NA	status=JK
18	33	140	plate.jpg.dat	1	265	415.899045501898	NA	NA
18	34	130	plate.jpg.dat	1	265	391.412920108392	NA	NA
18	35	184	plate.jpg.dat	1	281	567.669975217546	NA	NA
18	36	163	plate.jpg.dat	1	281	510	NA	NA
18	37	173	plate.jpg.dat	1	297	562.485274336361	NA	NA
18	38	160	plate.jpg.dat	1	297	533.142857893706	NA	NA
18	39	161	plate.jpg.dat	1	313	538.927628110411	NA	NA
18	40	162	plate.jpg.dat	1	313	537.795333242062	NA	NA
18	41	162	plate.jpg.dat	1	329	533.19901687714	NA	NA
18	42	149	plate.jpg.dat	1	329	488.533028835729	NA	NA
18	43	105	plate.jpg.dat	1	345	NA	NA	status=JK
18	44	157	plate.jpg.dat	1	345	505.329282380786	NA	NA
18	45	174	plate.jpg.dat	1	361	541.899544209231	NA	NA
18	46	193	plate.jpg.dat	1	361	558.211042483679	NA	NA
18	47	191	plate.jpg.dat	1	377	487.099821653156	NA	NA
18	48	251	plate.jpg.dat	1	377	567.506195543476	NA	NA
19	1	294	plate.jpg.dat	1	10	570.288103256583	NA	NA
19	2	230	plate.jpg.dat	1	10	504.355211770218	NA	NA
19	3	170	plate.jpg.dat	1	26	423.191685177034	NA	NA
19	4	150	plate.jpg.dat	1	26	397.850678682996	NA	NA
19	5	203	plate.jpg.dat	1	42	566.614381345407	NA	NA
19	6	181	plate.jpg.dat	1	42	NA	NA	status=JK
19	7	178	plate.jpg.dat	1	58	515.877006495277	NA	NA
19	8	170	plate.jpg.dat	1	58	500.362536369416	NA	NA
19	9	162	plate.jpg.dat	1	74	480.25235638946	NA	NA
19	10	155	plate.jpg.dat	1	74	468.65901283905	NA	NA
19	11	173	plate.jpg.dat	1	90	538.01035507024	NA	NA
19	12	177	plate.jpg.dat	1	90	556.631079232333	NA	NA
19	13	163	plate.jpg.dat	1	106	511.848962765319	NA	NA
19	14	147	plate.jpg.dat	1	106	456.343895665117	NA	NA
19	15	176	plate.jpg.dat	1	122	543.546383543316	NA	NA
19	16	83	plate.jpg.dat	1	122	NA	NA	status=JK
19	17	179	plate.jpg.dat	1	138	570.617834659497	NA	NA
19	18	162	plate.jpg.dat	1	138	523.045393276777	NA	NA
19	19	173	plate.jpg.dat	1	154	557.847771679051	NA	NA
19	20	156	plate.jpg.dat	1	154	502.111810393086	NA	NA
19	21	145	plate.jpg.dat	1	170	463.604898716237	NA	NA
19	22	176	plate.jpg.dat	1	170	NA	NA	status=JK
19	23	141	plate.jpg.dat	1	186	442.96625400281	NA	NA
19	24	181	plate.jpg.dat	1	186	562.946986878625	NA	NA
19	25	187	plate.jpg.dat	1	202	568.453639514783	NA	NA
19	26	166	plate.jpg.dat	1	202	490.522724734175	NA	NA
19	27	175	plate.jpg.dat	1	218	515.964921814665	NA	NA
19	28	176	plate.jpg.dat	1	218	518.873016231622	NA	NA
19	29	177	plate.jpg.dat	1	234	515.389894062855	NA	NA
19	30	185	plate.jpg.dat	1	234	532.001624708179	NA	NA
19	31	168	plate.jpg.dat	1	250	478.689448472548	NA	NA
19	32	170	plate.jpg.dat	1	250	489.885715343248	NA	NA
19	33	190	plate.jpg.dat	1	266	563.603686618924	NA	NA
19	34	185	plate.jpg.dat	1	266	555.88618886327	NA	NA
19	35	167	plate.jpg.dat	1	282	501.516558003571	NA	NA
19	36	155	plate.jpg.dat	1	282	472.475324802651	NA	NA
19	37	122	plate.jpg.dat	1	298	384.346111552337	NA	NA
19	38	128	plate.jpg.dat	1	298	414.57980654334	NA	NA
19	39	172	plate.jpg.dat	1	314	559.411292987478	NA	NA
19	40	144	plate.jpg.dat	1	314	NA	NA	status=JK
19	41	179	plate.jpg.dat	1	330	572.270438601462	NA	NA
19	42	162	plate.jpg.dat	1	330	516.418426219143	NA	NA
19	43	169	plate.jpg.dat	1	346	536.733090421131	NA	NA
19	44	145	plate.jpg.dat	1	346	454.814117882283	NA	NA
19	45	175	plate.jpg.dat	1	362	530.45663906626	NA	NA
19	46	168	plate.jpg.dat	1	362	NA	NA	status=JK
19	47	188	plate.jpg.dat	1	378	466.597621129699	NA	NA
19	48	227	plate.jpg.dat	1	378	499.543048043378	NA	NA
20	1	208	plate.jpg.dat	1	10	407.943715058195	NA	NA
20	2	180	plate.jpg.dat	1	10	399.65554716826	NA	NA
20	3	180	plate.jpg.dat	1	26	461.502852944575	NA	NA
20	4	165	plate.jpg.dat	1	26	452.842277266641	NA	NA
20	5	202	plate.jpg.dat	1	42	576.753219241659	NA	NA
20	6	203	plate.jpg.dat	1	42	590.478259152594	NA	NA
20	7	163	plate.jpg.dat	1	58	480.83345928954	NA	NA
20	8	170	plate.jpg.dat	1	58	512.428063756081	NA	NA
20	9	143	plate.jpg.dat	1	74	NA	NA	status=JK
20	10	151	plate.jpg.dat	1	74	468.376057658208	NA	NA
20	11	166	plate.jpg.dat	1	90	528.82925919128	NA	NA
20	12	176	plate.jpg.dat	1	90	567.338936147147	NA	NA
20	13	173	plate.jpg.dat	1	106	557.532824408859	NA	NA
20	14	155	plate.jpg.dat	1	106	494.570764029404	NA	NA
20	15	184	plate.jpg.dat	1	122	582.890868015612	NA	NA
20	16	158	plate.jpg.dat	1	122	509.158071846768	NA	NA
20	17	128	plate.jpg.dat	1	138	425.208635539181	NA	NA
20	18	158	plate.jpg.dat	1	138	525.866679604823	NA	NA
20	19	146	plate.jpg.dat	1	154	488.25751126551	NA	NA
20	20	185	plate.jpg.dat	1	154	608.656405321132	NA	NA
20	21	140	plate.jpg.dat	1	170	461.982748426586	NA	NA
20	22	147	plate.jpg.dat	1	170	478.334841661546	NA	NA
20	23	153	plate.jpg.dat	1	186	494.089109582398	NA	NA
20	24	169	plate.jpg.dat	1	186	539.619233624705	NA	NA
20	25	167	plate.jpg.dat	1	202	520.431914537778	NA	NA
20	26	169	plate.jpg.dat	1	202	513.150151757794	NA	NA
20	27	175	plate.jpg.dat	1	218	529.606643838103	NA	NA
20	28	174	plate.jpg.dat	1	218	526.572094754508	NA	NA
20	29	189	plate.jpg.dat	1	234	566.997662729192	NA	NA
20	30	179	plate.jpg.dat	1	234	527.693133001563	NA	NA
20	31	138	plate.jpg.dat	1	250	399.668168962804	NA	NA
20	32	151	plate.jpg.dat	1	250	443.547517741789	NA	NA
20	33	182	plate.jpg.dat	1	266	551.034028300622	NA	NA
20	34	175	plate.jpg.dat	1	266	535.753233123534	NA	NA
20	35	165	plate.jpg.dat	1	282	504.905723751148	NA	NA
20	36	180	plate.jpg.dat	1	282	560.084821038174	NA	NA
20	37	135	plate.jpg.dat	1	298	432.955434696499	NA	NA
20	38	128	plate.jpg.dat	1	298	420.955372881872	NA	NA
20	39	167	plate.jpg.dat	1	314	551.145980770918	NA	NA
20	40	174	plate.jpg.dat	1	314	569.247405345988	NA	NA
20	41	146	plate.jpg.dat	1	330	474.560984064331	NA	NA
20	42	165	plate.jpg.dat	1	330	534.49215229605	NA	NA
20	43	158	plate.jpg.dat	1	346	510.739566335349	NA	NA
20	44	157	plate.jpg.dat	1	346	500.818362187594	NA	NA
20	45	172	plate.jpg.dat	1	362	530.868613957825	NA	NA
20	46	180	plate.jpg.dat	1	362	516.078412048191	NA	NA
20	47	197	plate.jpg.dat	1	378	497.203658458449	NA	NA
20	48	253	plate.jpg.dat	1	378	565.343652688881	NA	NA
21	1	267	plate.jpg.dat	1	11	560.905211265271	NA	NA
21	2	225	plate.jpg.dat	1	11	537.009390356644	NA	NA
21	3	155	plate.jpg.dat	1	27	NA	NA	status=JK
21	4	182	plate.jpg.dat	1	27	536.709065002941	NA	NA
21	5	44	plate.jpg.dat	1	43	110.89048098951	NA	NA
21	6	42	plate.jpg.dat	1	43	105.316740794025	NA	NA
21	7	176	plate.jpg.dat	1	59	557.668898064301	NA	NA
21	8	180	plate.jpg.dat	1	59	581.554167640698	NA	NA
21	9	171	plate.jpg.dat	1	75	557.560576096773	NA	NA
21	10	167	plate.jpg.dat	1	75	556.525824650503	NA	NA
21	11	155	plate.jpg.dat	1	91	529.201056175772	NA	NA
21	12	132	plate.jpg.dat	1	91	457.00244145494	NA	NA
21	13	177	plate.jpg.dat	1	107	611.103345649322	NA	NA
21	14	142	plate.jpg.dat	1	107	487.79499495929	NA	NA
21	15	191	plate.jpg.dat	1	123	647.46602270768	NA	NA
21	16	195	plate.jpg.dat	1	123	668.632257779954	NA	NA
21	17	128	plate.jpg.dat	1	139	458.582691687715	NA	NA
21	18	148	plate.jpg.dat	1	139	531.597704552659	NA	NA
21	19	111	plate.jpg.dat	1	155	408.126287223384	NA	NA
21	20	67	plate.jpg.dat	1	155	258.777287930005	NA	NA
21	21	141	plate.jpg.dat	1	171	500.58611411601	NA	NA
21	22	93	plate.jpg.dat	1	171	335.429682693451	NA	NA
21	23	166	plate.jpg.dat	1	187	574.474704456393	NA	NA
21	24	169	plate.jpg.dat	1	187	579.363178933983	NA	NA
21	25	145	plate.jpg.dat	1	203	NA	NA	status=JK
21	26	174	plate.jpg.dat	1	203	567.407611186787	NA	NA
21	27	165	plate.jpg.dat	1	219	535.665639730773	NA	NA
21	28	158	plate.jpg.dat	1	219	512.3609992304	NA	NA
21	29	143	plate.jpg.dat	1	235	456.357596148101	NA	NA
21	30	161	plate.jpg.dat	1	235	NA	NA	status=JK
21	31	140	plate.jpg.dat	1	251	436.328881698491	NA	NA
21	32	155	plate.jpg.dat	1	251	488.154196758363	NA	NA
21	33	174	plate.jpg.dat	1	267	561.434143190735	NA	NA
21	34	168	plate.jpg.dat	1	267	547.374743019691	NA	NA
21	35	159	plate.jpg.dat	1	283	517.065289832867	NA	NA
21	36	131	plate.jpg.dat	1	283	430.054606609895	NA	NA
21	37	146	plate.jpg.dat	1	299	496.612256840332	NA	NA
21	38	135	plate.jpg.dat	1	299	469.926356628157	NA	NA
21	39	120	plate.jpg.dat	1	315	419.842688789982	NA	NA
21	40	88	plate.jpg.dat	1	315	306.734868916583	NA	NA
21	41	167	plate.jpg.dat	1	331	573.793940696911	NA	NA
21	42	147	plate.jpg.dat	1	331	504.673519529304	NA	NA
21	43	116	plate.jpg.dat	1	347	399.164943440226	NA	NA
21	44	122	plate.jpg.dat	1	347	414.799885594617	NA	NA
21	45	131	plate.jpg.dat	1	363	431.465422024865	NA	NA
21	46	156	plate.jpg.dat	1	363	475.901195729978	NA	NA
21	47	174	plate.jpg.dat	1	379	467.009971036574	NA	NA
21	48	246	plate.jpg.dat	1	379	583.024399418192	NA	NA
22	1	255	plate.jpg.dat	1	11	514.827332955879	NA	NA
22	2	158	plate.jpg.dat	1	11	NA	NA	status=JK
22	3	192	plate.jpg.dat	1	27	508.016164886302	NA	NA
22	4	192	plate.jpg.dat	1	27	547.290499878095	NA	NA
22	5	27	plate.jpg.dat	1	43	59.924831737348	NA	NA
22	6	26	plate.jpg.dat	1	43	56.4392652694044	NA	NA
22	7	178	plate.jpg.dat	1	59	544.333907443286	NA	NA
22	8	159	plate.jpg.dat	1	59	494.331282493215	NA	NA
22	9	163	plate.jpg.dat	1	75	513.686910255634	NA	NA
22	10	162	plate.jpg.dat	1	75	522.630460063846	NA	NA
22	11	147	plate.jpg.dat	1	91	486.854756556219	NA	NA
22	12	155	plate.jpg.dat	1	91	519.088266009041	NA	NA
22	13	181	plate.jpg.dat	1	107	603.859650524591	NA	NA
22	14	169	plate.jpg.dat	1	107	558.918240960188	NA	NA
22	15	178	plate.jpg.dat	1	123	584.487903090682	NA	NA
22	16	163	plate.jpg.dat	1	123	544.633551580521	NA	NA
22	17	169	plate.jpg.dat	1	139	575.566119779064	NA	NA
22	18	174	plate.jpg.dat	1	139	597.783938088493	NA	NA
22	19	95	plate.jpg.dat	1	155	345.565904523587	NA	NA
22	20	127	plate.jpg.dat	1	155	444.874477491196	NA	NA
22	21	122	plate.jpg.dat	1	171	424.237999076134	NA	NA
22	22	144	plate.jpg.dat	1	171	488.1030158223	NA	NA
22	23	176	plate.jpg.dat	1	187	586.792978252484	NA	NA
22	24	148	plate.jpg.dat	1	187	NA	NA	status=JK
22	25	181	plate.jpg.dat	1	203	584.801534861939	NA	NA
22	26	185	plate.jpg.dat	1	203	582.703010455765	NA	NA
22	27	184	plate.jpg.dat	1	219	577.864920404895	NA	NA
22	28	181	plate.jpg.dat	1	219	569.036250686756	NA	NA
22	29	140	plate.jpg.dat	1	235	433.280576614627	NA	NA
22	30	145	plate.jpg.dat	1	235	441.301033451501	NA	NA
22	31	160	plate.jpg.dat	1	251	484.015200066268	NA	NA
22	32	147	plate.jpg.dat	1	251	445.915929607823	NA	NA
22	33	180	plate.jpg.dat	1	267	558.895301792564	NA	NA
22	34	156	plate.jpg.dat	1	267	NA	NA	status=JK
22	35	152	plate.jpg.dat	1	283	473.602399796142	NA	NA
22	36	173	plate.jpg.dat	1	283	545.856836202742	NA	NA
22	37	164	plate.jpg.dat	1	299	533.116336001218	NA	NA
22	38	154	plate.jpg.dat	1	299	511.215776223052	NA	NA
22	39	106	plate.jpg.dat	1	315	353.744653247881	NA	NA
22	40	116	plate.jpg.dat	1	315	383.865914037179	NA	NA
22	41	156	plate.jpg.dat	1	331	511.050548056369	NA	NA
22	42	164	plate.jpg.dat	1	331	536.185049634144	NA	NA
22	43	124	plate.jpg.dat	1	347	406.457183211009	NA	NA
22	44	140	plate.jpg.dat	1	347	NA	NA	status=JK
22	45	143	plate.jpg.dat	1	363	449.065541454383	NA	NA
22	46	144	plate.jpg.dat	1	363	420.841837162489	NA	NA
22	47	212	plate.jpg.dat	1	379	541.694316201736	NA	NA
22	48	213	plate.jpg.dat	1	379	483.879271394563	NA	NA
23	1	262	plate.jpg.dat	1	12	519.1696938125	NA	NA
23	2	216	plate.jpg.dat	1	12	487.679110097794	NA	NA
23	3	198	plate.jpg.dat	1	28	516.264683614479	NA	NA
23	4	189	plate.jpg.dat	1	28	530.240686601388	NA	NA
23	5	180	plate.jpg.dat	1	44	518.285071357408	NA	NA
23	6	184	plate.jpg.dat	1	44	539.787566087531	NA	NA
23	7	182	plate.jpg.dat	1	60	548.729739201789	NA	NA
23	8	187	plate.jpg.dat	1	60	574.698516130025	NA	NA
23	9	156	plate.jpg.dat	1	76	485.723474426699	NA	NA
23	10	153	plate.jpg.dat	1	76	488.110887587109	NA	NA
23	11	186	plate.jpg.dat	1	92	604.694170511668	NA	NA
23	12	181	plate.jpg.dat	1	92	594.867486813377	NA	NA
23	13	132	plate.jpg.dat	1	108	440.698968407472	NA	NA
23	14	142	plate.jpg.dat	1	108	467.363604703325	NA	NA
23	15	144	plate.jpg.dat	1	124	471.705097375404	NA	NA
23	16	153	plate.jpg.dat	1	124	NA	NA	status=JK
23	17	165	plate.jpg.dat	1	140	553.567585161224	NA	NA
23	18	152	plate.jpg.dat	1	140	518.967247821684	NA	NA
23	19	140	plate.jpg.dat	1	156	481.475682055176	NA	NA
23	20	152	plate.jpg.dat	1	156	515.246193743844	NA	NA
23	21	150	plate.jpg.dat	1	172	503.903836398878	NA	NA
23	22	189	plate.jpg.dat	1	172	617.603792058683	NA	NA
23	23	101	plate.jpg.dat	1	188	344.382833956771	NA	NA
23	24	147	plate.jpg.dat	1	188	481.224464860461	NA	NA
23	25	0	plate.jpg.dat	1	204	19.2752065021155	NA	NA
23	26	0	plate.jpg.dat	1	204	12.7090713815921	NA	NA
23	27	153	plate.jpg.dat	1	220	472.581357581753	NA	NA
23	28	149	plate.jpg.dat	1	220	460.501468204843	NA	NA
23	29	163	plate.jpg.dat	1	236	497.677918208572	NA	NA
23	30	167	plate.jpg.dat	1	236	501.084690678888	NA	NA
23	31	165	plate.jpg.dat	1	252	490.727124561162	NA	NA
23	32	161	plate.jpg.dat	1	252	480.392166769622	NA	NA
23	33	170	plate.jpg.dat	1	268	516.7895017514	NA	NA
23	34	170	plate.jpg.dat	1	268	520.865641753305	NA	NA
23	35	182	plate.jpg.dat	1	284	555.559173976926	NA	NA
23	36	163	plate.jpg.dat	1	284	501.353052485013	NA	NA
23	37	168	plate.jpg.dat	1	300	531.677858984335	NA	NA
23	38	167	plate.jpg.dat	1	300	538.782263509534	NA	NA
23	39	169	plate.jpg.dat	1	316	546.30795503059	NA	NA
23	40	170	plate.jpg.dat	1	316	544.441158654867	NA	NA
23	41	178	plate.jpg.dat	1	332	565.551497990855	NA	NA
23	42	166	plate.jpg.dat	1	332	526.67954467796	NA	NA
23	43	135	plate.jpg.dat	1	348	428.837496998336	NA	NA
23	44	146	plate.jpg.dat	1	348	458.029716025907	NA	NA
23	45	169	plate.jpg.dat	1	364	512.918027627237	NA	NA
23	46	171	plate.jpg.dat	1	364	482.855186172548	NA	NA
23	47	154	plate.jpg.dat	1	380	NA	NA	status=JK
23	48	217	plate.jpg.dat	1	380	478.041301482704	NA	NA
24	1	267	plate.jpg.dat	1	12	537.149606587366	NA	NA
24	2	199	plate.jpg.dat	1	12	457.538623433757	NA	NA
24	3	176	plate.jpg.dat	1	28	467.744988640459	NA	NA
24	4	195	plate.jpg.dat	1	28	558.099082035095	NA	NA
24	5	158	plate.jpg.dat	1	44	NA	NA	status=JK
24	6	181	plate.jpg.dat	1	44	541.773951072532	NA	NA
24	7	175	plate.jpg.dat	1	60	538.137042512185	NA	NA
24	8	155	plate.jpg.dat	1	60	486.436260574561	NA	NA
24	9	163	plate.jpg.dat	1	76	518.301121258772	NA	NA
24	10	136	plate.jpg.dat	1	76	445.780475240201	NA	NA
24	11	154	plate.jpg.dat	1	92	NA	NA	status=JK
24	12	171	plate.jpg.dat	1	92	574.16669622038	NA	NA
24	13	147	plate.jpg.dat	1	108	498.393383640266	NA	NA
24	14	162	plate.jpg.dat	1	108	538.99445267599	NA	NA
24	15	144	plate.jpg.dat	1	124	480.827369133336	NA	NA
24	16	142	plate.jpg.dat	1	124	480.397038381825	NA	NA
24	17	138	plate.jpg.dat	1	140	478.66640905766	NA	NA
24	18	100	plate.jpg.dat	1	140	365.043279226729	NA	NA
24	19	122	plate.jpg.dat	1	156	433.255456203828	NA	NA
24	20	158	plate.jpg.dat	1	156	541.471268950069	NA	NA
24	21	171	plate.jpg.dat	1	172	576.233514563796	NA	NA
24	22	204	plate.jpg.dat	1	172	671.7499572553	NA	NA
24	23	151	plate.jpg.dat	1	188	506.599331879137	NA	NA
24	24	177	plate.jpg.dat	1	188	582.799747878653	NA	NA
24	25	0	plate.jpg.dat	1	204	26.5856890135551	NA	NA
24	26	0	plate.jpg.dat	1	204	20.1967046010416	NA	NA
24	27	175	plate.jpg.dat	1	220	NA	NA	status=JK
24	28	151	plate.jpg.dat	1	220	476.723590089513	NA	NA
24	29	163	plate.jpg.dat	1	236	507.773879380032	NA	NA
24	30	167	plate.jpg.dat	1	236	510.441858863872	NA	NA
24	31	153	plate.jpg.dat	1	252	463.131147972036	NA	NA
24	32	155	plate.jpg.dat	1	252	469.789576101558	NA	NA
24	33	166	plate.jpg.dat	1	268	511.63203068582	NA	NA
24	34	171	plate.jpg.dat	1	268	530.490757671898	NA	NA
24	35	174	plate.jpg.dat	1	284	536.597108993886	NA	NA
24	36	164	plate.jpg.dat	1	284	508.893953886728	NA	NA
24	37	179	plate.jpg.dat	1	300	570.279623308931	NA	NA
24	38	159	plate.jpg.dat	1	300	515.926014817516	NA	NA
24	39	166	plate.jpg.dat	1	316	539.292781346177	NA	NA
24	40	167	plate.jpg.dat	1	316	537.241349114158	NA	NA
24	41	172	plate.jpg.dat	1	332	548.711166535998	NA	NA
24	42	166	plate.jpg.dat	1	332	528.588567461464	NA	NA
24	43	138	plate.jpg.dat	1	348	439.545168166816	NA	NA
24	44	129	plate.jpg.dat	1	348	407.039583966397	NA	NA
24	45	162	plate.jpg.dat	1	364	493.778168064094	NA	NA
24	46	188	plate.jpg.dat	1	364	531.66675354864	NA	NA
24	47	198	plate.jpg.dat	1	380	493.345188256627	NA	NA
24	48	223	plate.jpg.dat	1	380	492.860919537152	NA	NA
25	1	242	plate.jpg.dat	1	13	507.712033157847	NA	NA
25	2	217	plate.jpg.dat	1	13	520.286281298659	NA	NA
25	3	160	plate.jpg.dat	1	29	445.55632484331	NA	NA
25	4	122	plate.jpg.dat	1	29	366.78263659895	NA	NA
25	5	173	plate.jpg.dat	1	45	532.271692118911	NA	NA
25	6	150	plate.jpg.dat	1	45	NA	NA	status=JK
25	7	70	plate.jpg.dat	1	61	228.764211029615	NA	NA
25	8	99	plate.jpg.dat	1	61	330.287171733639	NA	NA
25	9	160	plate.jpg.dat	1	77	533.054933848691	NA	NA
25	10	160	plate.jpg.dat	1	77	545.120562686189	NA	NA
25	11	156	plate.jpg.dat	1	93	544.666869674806	NA	NA
25	12	139	plate.jpg.dat	1	93	494.306584068084	NA	NA
25	13	161	plate.jpg.dat	1	109	565.790082601072	NA	NA
25	14	133	plate.jpg.dat	1	109	468.765709467875	NA	NA
25	15	157	plate.jpg.dat	1	125	540.981890926685	NA	NA
25	16	141	plate.jpg.dat	1	125	495.897428742772	NA	NA
25	17	108	plate.jpg.dat	1	141	400.856212182314	NA	NA
25	18	88	plate.jpg.dat	1	141	340.494521623813	NA	NA
25	19	94	plate.jpg.dat	1	157	359.170537264045	NA	NA
25	20	123	plate.jpg.dat	1	157	448.487622770017	NA	NA
25	21	91	plate.jpg.dat	1	173	341.833893700478	NA	NA
25	22	101	plate.jpg.dat	1	173	368.882638953247	NA	NA
25	23	153	plate.jpg.dat	1	189	532.678144144837	NA	NA
25	24	148	plate.jpg.dat	1	189	512.671533165186	NA	NA
25	25	162	plate.jpg.dat	1	205	545.686035991907	NA	NA
25	26	179	plate.jpg.dat	1	205	585.689745827663	NA	NA
25	27	175	plate.jpg.dat	1	221	572.873564687011	NA	NA
25	28	185	plate.jpg.dat	1	221	606.284947880129	NA	NA
25	29	150	plate.jpg.dat	1	237	489.160756768948	NA	NA
25	30	139	plate.jpg.dat	1	237	445.009256946199	NA	NA
25	31	174	plate.jpg.dat	1	253	547.728119858755	NA	NA
25	32	175	plate.jpg.dat	1	253	551.041069825411	NA	NA
25	33	134	plate.jpg.dat	1	269	429.999110194219	NA	NA
25	34	149	plate.jpg.dat	1	269	480.216411034741	NA	NA
25	35	165	plate.jpg.dat	1	285	527.553311375118	NA	NA
25	36	165	plate.jpg.dat	1	285	530.078458296641	NA	NA
25	37	166	plate.jpg.dat	1	301	546.810197463798	NA	NA
25	38	169	plate.jpg.dat	1	301	566.203162982836	NA	NA
25	39	167	plate.jpg.dat	1	317	559.977358847618	NA	NA
25	40	161	plate.jpg.dat	1	317	534.485116651207	NA	NA
25	41	156	plate.jpg.dat	1	333	513.43036440361	NA	NA
25	42	151	plate.jpg.dat	1	333	495.755023688047	NA	NA
25	43	144	plate.jpg.dat	1	349	471.785883323224	NA	NA
25	44	149	plate.jpg.dat	1	349	482.288042685968	NA	NA
25	45	168	plate.jpg.dat	1	365	526.625707485133	NA	NA
25	46	179	plate.jpg.dat	1	365	521.744594559709	NA	NA
25	47	203	plate.jpg.dat	1	381	520.67256772688	NA	NA
25	48	216	plate.jpg.dat	1	381	492.139154662356	NA	NA
26	1	217	plate.jpg.dat	1	13	481.904854926025	NA	NA
26	2	184	plate.jpg.dat	1	13	467.467814400557	NA	NA
26	3	135	plate.jpg.dat	1	29	400.97486120676	NA	NA
26	4	142	plate.jpg.dat	1	29	446.955381312055	NA	NA
26	5	172	plate.jpg.dat	1	45	545.818077686402	NA	NA
26	6	168	plate.jpg.dat	1	45	537.715052526259	NA	NA
26	7	47	plate.jpg.dat	1	61	165.341314175505	NA	NA
26	8	75	plate.jpg.dat	1	61	263.066221517666	NA	NA
26	9	164	plate.jpg.dat	1	77	556.221343061728	NA	NA
26	10	143	plate.jpg.dat	1	77	500.271249250312	NA	NA
26	11	153	plate.jpg.dat	1	93	544.778710548931	NA	NA
26	12	143	plate.jpg.dat	1	93	516.661775600888	NA	NA
26	13	117	plate.jpg.dat	1	109	430.885389324295	NA	NA
26	14	143	plate.jpg.dat	1	109	507.858389026255	NA	NA
26	15	147	plate.jpg.dat	1	125	515.955339274532	NA	NA
26	16	148	plate.jpg.dat	1	125	523.581593244676	NA	NA
26	17	88	plate.jpg.dat	1	141	341.511352357754	NA	NA
26	18	118	plate.jpg.dat	1	141	441.400887648718	NA	NA
26	19	91	plate.jpg.dat	1	157	353.193103998915	NA	NA
26	20	121	plate.jpg.dat	1	157	445.992175688046	NA	NA
26	21	115	plate.jpg.dat	1	173	422.771346027937	NA	NA
26	22	127	plate.jpg.dat	1	173	457.005626296423	NA	NA
26	23	140	plate.jpg.dat	1	189	498.252650596443	NA	NA
26	24	155	plate.jpg.dat	1	189	543.157213942762	NA	NA
26	25	175	plate.jpg.dat	1	205	595.762347190283	NA	NA
26	26	169	plate.jpg.dat	1	205	563.759359487886	NA	NA
26	27	157	plate.jpg.dat	1	221	526.209645435678	NA	NA
26	28	169	plate.jpg.dat	1	221	566.166683200823	NA	NA
26	29	115	plate.jpg.dat	1	237	388.608113934117	NA	NA
26	30	150	plate.jpg.dat	1	237	488.775704760554	NA	NA
26	31	165	plate.jpg.dat	1	253	528.561712413526	NA	NA
26	32	178	plate.jpg.dat	1	253	568.46470910518	NA	NA
26	33	147	plate.jpg.dat	1	269	478.646731539695	NA	NA
26	34	153	plate.jpg.dat	1	269	500.085637757014	NA	NA
26	35	160	plate.jpg.dat	1	285	518.229148465776	NA	NA
26	36	166	plate.jpg.dat	1	285	539.149828192932	NA	NA
26	37	159	plate.jpg.dat	1	301	528.869608924849	NA	NA
26	38	159	plate.jpg.dat	1	301	537.55592270698	NA	NA
26	39	165	plate.jpg.dat	1	317	557.766022925463	NA	NA
26	40	171	plate.jpg.dat	1	317	571.40079395833	NA	NA
26	41	175	plate.jpg.dat	1	333	579.075340230449	NA	NA
26	42	137	plate.jpg.dat	1	333	452.833834401856	NA	NA
26	43	145	plate.jpg.dat	1	349	477.364328955341	NA	NA
26	44	153	plate.jpg.dat	1	349	NA	NA	status=JK
26	45	167	plate.jpg.dat	1	365	537.240060592595	NA	NA
26	46	163	plate.jpg.dat	1	365	494.203392114743	NA	NA
26	47	190	plate.jpg.dat	1	381	508.825561423908	NA	NA
26	48	254	plate.jpg.dat	1	381	NA	NA	status=JK
27	1	256	plate.jpg.dat	1	14	577.311561820618	NA	NA
27	2	206	plate.jpg.dat	1	14	535.055765357621	NA	NA
27	3	170	plate.jpg.dat	1	30	512.479441291929	NA	NA
27	4	150	plate.jpg.dat	1	30	483.485673865442	NA	NA
27	5	150	plate.jpg.dat	1	46	486.822309938273	NA	NA
27	6	163	plate.jpg.dat	1	46	525.308297289497	NA	NA
27	7	173	plate.jpg.dat	1	62	569.586503812607	NA	NA
27	8	127	plate.jpg.dat	1	62	433.923146496845	NA	NA
27	9	169	plate.jpg.dat	1	78	573.239568916117	NA	NA
27	10	157	plate.jpg.dat	1	78	546.913587850382	NA	NA
27	11	137	plate.jpg.dat	1	94	494.640120747595	NA	NA
27	12	110	plate.jpg.dat	1	94	411.7482849102	NA	NA
27	13	167	plate.jpg.dat	1	110	594.205061940302	NA	NA
27	14	162	plate.jpg.dat	1	110	568.387792573924	NA	NA
27	15	146	plate.jpg.dat	1	126	512.597641967412	NA	NA
27	16	160	plate.jpg.dat	1	126	559.524982021989	NA	NA
27	17	148	plate.jpg.dat	1	142	531.926010210376	NA	NA
27	18	180	plate.jpg.dat	1	142	637.059343597565	NA	NA
27	19	111	plate.jpg.dat	1	158	416.137497003812	NA	NA
27	20	114	plate.jpg.dat	1	158	421.958247808055	NA	NA
27	21	143	plate.jpg.dat	1	174	509.604672063813	NA	NA
27	22	158	plate.jpg.dat	1	174	553.092637613493	NA	NA
27	23	142	plate.jpg.dat	1	190	503.95307254947	NA	NA
27	24	122	plate.jpg.dat	1	190	438.589366858714	NA	NA
27	25	114	plate.jpg.dat	1	206	404.877298257284	NA	NA
27	26	94	plate.jpg.dat	1	206	333.537365454718	NA	NA
27	27	157	plate.jpg.dat	1	222	528.723371385727	NA	NA
27	28	137	plate.jpg.dat	1	222	468.069192896828	NA	NA
27	29	168	plate.jpg.dat	1	238	558.836790254065	NA	NA
27	30	138	plate.jpg.dat	1	238	454.242433644408	NA	NA
27	31	165	plate.jpg.dat	1	254	529.508170568866	NA	NA
27	32	179	plate.jpg.dat	1	254	571.03309537023	NA	NA
27	33	91	plate.jpg.dat	1	270	303.493260121402	NA	NA
27	34	97	plate.jpg.dat	1	270	322.620726822642	NA	NA
27	35	182	plate.jpg.dat	1	286	NA	NA	status=JK
27	36	167	plate.jpg.dat	1	286	539.473018733811	NA	NA
27	37	154	plate.jpg.dat	1	302	509.163560285121	NA	NA
27	38	170	plate.jpg.dat	1	302	569.515778787882	NA	NA
27	39	129	plate.jpg.dat	1	318	434.568983291229	NA	NA
27	40	130	plate.jpg.dat	1	318	432.492096727086	NA	NA
27	41	120	plate.jpg.dat	1	334	395.354400746305	NA	NA
27	42	125	plate.jpg.dat	1	334	409.365186917353	NA	NA
27	43	167	plate.jpg.dat	1	350	542.437006848149	NA	NA
27	44	161	plate.jpg.dat	1	350	528.017925684204	NA	NA
27	45	168	plate.jpg.dat	1	366	544.666736563161	NA	NA
27	46	154	plate.jpg.dat	1	366	478.295940794481	NA	NA
27	47	182	plate.jpg.dat	1	382	500.722439987582	NA	NA
27	48	188	plate.jpg.dat	1	382	466.875708684921	NA	NA
28	1	185	plate.jpg.dat	1	14	471.308902025533	NA	NA
28	2	204	plate.jpg.dat	1	14	570.990364274545	NA	NA
28	3	177	plate.jpg.dat	1	30	NA	NA	status=JK
28	4	141	plate.jpg.dat	1	30	495.623022028787	NA	NA
28	5	151	plate.jpg.dat	1	46	525.351456325632	NA	NA
28	6	93	plate.jpg.dat	1	46	NA	NA	status=JK
28	7	133	plate.jpg.dat	1	62	469.719830648386	NA	NA
28	8	167	plate.jpg.dat	1	62	582.396223612715	NA	NA
28	9	146	plate.jpg.dat	1	78	521.166454141067	NA	NA
28	10	140	plate.jpg.dat	1	78	512.833939222303	NA	NA
28	11	115	plate.jpg.dat	1	94	442.538380039174	NA	NA
28	12	140	plate.jpg.dat	1	94	528.900557984028	NA	NA
28	13	156	plate.jpg.dat	1	110	579.366100205456	NA	NA
28	14	123	plate.jpg.dat	1	110	NA	NA	status=JK
28	15	164	plate.jpg.dat	1	126	586.890565896764	NA	NA
28	16	115	plate.jpg.dat	1	126	434.654238280058	NA	NA
28	17	148	plate.jpg.dat	1	142	548.198748310327	NA	NA
28	18	59	plate.jpg.dat	1	142	NA	NA	status=JK
28	19	134	plate.jpg.dat	1	158	503.128972908326	NA	NA
28	20	90	plate.jpg.dat	1	158	357.920705787771	NA	NA
28	21	153	plate.jpg.dat	1	174	556.423308452333	NA	NA
28	22	144	plate.jpg.dat	1	174	525.123492749114	NA	NA
28	23	159	plate.jpg.dat	1	190	575.486327803324	NA	NA
28	24	135	plate.jpg.dat	1	190	497.907768704977	NA	NA
28	25	101	plate.jpg.dat	1	206	382.133017986848	NA	NA
28	26	100	plate.jpg.dat	1	206	370.988242636828	NA	NA
28	27	114	plate.jpg.dat	1	222	416.186940898451	NA	NA
28	28	131	plate.jpg.dat	1	222	472.116581717331	NA	NA
28	29	105	plate.jpg.dat	1	238	383.884204795975	NA	NA
28	30	139	plate.jpg.dat	1	238	479.795974975032	NA	NA
28	31	166	plate.jpg.dat	1	254	555.323955439762	NA	NA
28	32	167	plate.jpg.dat	1	254	555.941458463699	NA	NA
28	33	92	plate.jpg.dat	1	270	323.942501855313	NA	NA
28	34	113	plate.jpg.dat	1	270	NA	NA	status=JK
28	35	161	plate.jpg.dat	1	286	537.885688672192	NA	NA
28	36	157	plate.jpg.dat	1	286	524.396725991354	NA	NA
28	37	181	plate.jpg.dat	1	302	613.587258313105	NA	NA
28	38	163	plate.jpg.dat	1	302	561.794367183101	NA	NA
28	39	124	plate.jpg.dat	1	318	430.543449494834	NA	NA
28	40	119	plate.jpg.dat	1	318	NA	NA	status=JK
28	41	130	plate.jpg.dat	1	334	438.445372496934	NA	NA
28	42	121	plate.jpg.dat	1	334	412.259436533958	NA	NA
28	43	178	plate.jpg.dat	1	350	601.59080040631	NA	NA
28	44	171	plate.jpg.dat	1	350	588.344147199886	NA	NA
28	45	148	plate.jpg.dat	1	366	516.643071198313	NA	NA
28	46	159	plate.jpg.dat	1	366	528.623252710426	NA	NA
28	47	181	plate.jpg.dat	1	382	535.772138197406	NA	NA
28	48	229	plate.jpg.dat	1	382	596.38921154513	NA	NA
29	1	197	plate.jpg.dat	1	15	486.21025229461	NA	NA
29	2	201	plate.jpg.dat	1	15	549.773007981444	NA	NA
29	3	180	plate.jpg.dat	1	31	566.640732635078	NA	NA
29	4	184	plate.jpg.dat	1	31	603.989901093887	NA	NA
29	5	131	plate.jpg.dat	1	47	453.264217331059	NA	NA
29	6	139	plate.jpg.dat	1	47	466.489702320715	NA	NA
29	7	139	plate.jpg.dat	1	63	468.429092549603	NA	NA
29	8	151	plate.jpg.dat	1	63	502.421108408487	NA	NA
29	9	152	plate.jpg.dat	1	79	510.595948504043	NA	NA
29	10	142	plate.jpg.dat	1	79	490.771274744169	NA	NA
29	11	100	plate.jpg.dat	1	95	NA	NA	status=JK
29	12	120	plate.jpg.dat	1	95	438.684255025823	NA	NA
29	13	127	plate.jpg.dat	1	111	458.34571931145	NA	NA
29	14	131	plate.jpg.dat	1	111	461.238935121307	NA	NA
29	15	157	plate.jpg.dat	1	127	530.664367842885	NA	NA
29	16	147	plate.jpg.dat	1	127	502.837131132043	NA	NA
29	17	163	plate.jpg.dat	1	143	557.998995496496	NA	NA
29	18	151	plate.jpg.dat	1	143	524.33544759081	NA	NA
29	19	153	plate.jpg.dat	1	159	526.969226089677	NA	NA
29	20	176	plate.jpg.dat	1	159	590.675419237861	NA	NA
29	21	176	plate.jpg.dat	1	175	587.667175173677	NA	NA
29	22	145	plate.jpg.dat	1	175	494.416151272029	NA	NA
29	23	135	plate.jpg.dat	1	191	468.123958017744	NA	NA
29	24	122	plate.jpg.dat	1	191	429.985573458326	NA	NA
29	25	173	plate.jpg.dat	1	207	574.594178824358	NA	NA
29	26	174	plate.jpg.dat	1	207	568.434495340346	NA	NA
29	27	160	plate.jpg.dat	1	223	531.48963106262	NA	NA
29	28	153	plate.jpg.dat	1	223	514.821197855579	NA	NA
29	29	128	plate.jpg.dat	1	239	435.998098139424	NA	NA
29	30	158	plate.jpg.dat	1	239	511.800903207625	NA	NA
29	31	167	plate.jpg.dat	1	255	528.989044057986	NA	NA
29	32	145	plate.jpg.dat	1	255	462.403727461379	NA	NA
29	33	166	plate.jpg.dat	1	271	528.668176311791	NA	NA
29	34	142	plate.jpg.dat	1	271	457.423366234305	NA	NA
29	35	152	plate.jpg.dat	1	287	479.808389252343	NA	NA
29	36	151	plate.jpg.dat	1	287	474.738913879367	NA	NA
29	37	170	plate.jpg.dat	1	303	540.471285134017	NA	NA
29	38	145	plate.jpg.dat	1	303	NA	NA	status=JK
29	39	150	plate.jpg.dat	1	319	483.199168231783	NA	NA
29	40	150	plate.jpg.dat	1	319	475.495278256287	NA	NA
29	41	185	plate.jpg.dat	1	335	575.292465685016	NA	NA
29	42	188	plate.jpg.dat	1	335	591.541897834056	NA	NA
29	43	162	plate.jpg.dat	1	351	521.467269765727	NA	NA
29	44	160	plate.jpg.dat	1	351	529.648417138262	NA	NA
29	45	154	plate.jpg.dat	1	367	NA	NA	status=JK
29	46	174	plate.jpg.dat	1	367	554.392138026593	NA	NA
29	47	178	plate.jpg.dat	1	383	515.54481881535	NA	NA
29	48	204	plate.jpg.dat	1	383	527.601239394487	NA	NA
30	1	235	plate.jpg.dat	1	15	585.86270910042	NA	NA
30	2	132	plate.jpg.dat	1	15	426.633583713636	NA	NA
30	3	176	plate.jpg.dat	1	31	585.331238877454	NA	NA
30	4	153	plate.jpg.dat	1	31	545.880009499393	NA	NA
30	5	139	plate.jpg.dat	1	47	500.029679917729	NA	NA
30	6	140	plate.jpg.dat	1	47	490.009175648024	NA	NA
30	7	132	plate.jpg.dat	1	63	464.101301730764	NA	NA
30	8	155	plate.jpg.dat	1	63	525.693717946223	NA	NA
30	9	133	plate.jpg.dat	1	79	464.92852076782	NA	NA
30	10	130	plate.jpg.dat	1	79	465.278877255936	NA	NA
30	11	122	plate.jpg.dat	1	95	451.520831473998	NA	NA
30	12	125	plate.jpg.dat	1	95	464.209529366401	NA	NA
30	13	136	plate.jpg.dat	1	111	495.541871202876	NA	NA
30	14	154	plate.jpg.dat	1	111	538.576156055685	NA	NA
30	15	146	plate.jpg.dat	1	127	507.153006435714	NA	NA
30	16	122	plate.jpg.dat	1	127	NA	NA	status=JK
30	17	120	plate.jpg.dat	1	143	437.172683955885	NA	NA
30	18	126	plate.jpg.dat	1	143	455.931244006482	NA	NA
30	19	135	plate.jpg.dat	1	159	479.038464636523	NA	NA
30	20	172	plate.jpg.dat	1	159	584.188670382135	NA	NA
30	21	177	plate.jpg.dat	1	175	596.24209687409	NA	NA
30	22	162	plate.jpg.dat	1	175	550.587684207921	NA	NA
30	23	175	plate.jpg.dat	1	191	NA	NA	status=JK
30	24	133	plate.jpg.dat	1	191	470.584135244265	NA	NA
30	25	159	plate.jpg.dat	1	207	542.816126502836	NA	NA
30	26	159	plate.jpg.dat	1	207	535.591290337677	NA	NA
30	27	172	plate.jpg.dat	1	223	578.5638788891	NA	NA
30	28	105	plate.jpg.dat	1	223	386.065348519356	NA	NA
30	29	141	plate.jpg.dat	1	239	487.425830959621	NA	NA
30	30	111	plate.jpg.dat	1	239	388.769791969252	NA	NA
30	31	147	plate.jpg.dat	1	255	484.117346918497	NA	NA
30	32	113	plate.jpg.dat	1	255	381.898132418247	NA	NA
30	33	157	plate.jpg.dat	1	271	513.769308069406	NA	NA
30	34	170	plate.jpg.dat	1	271	551.291597539088	NA	NA
30	35	136	plate.jpg.dat	1	287	441.894820458477	NA	NA
30	36	145	plate.jpg.dat	1	287	465.160770525408	NA	NA
30	37	166	plate.jpg.dat	1	303	535.632613962551	NA	NA
30	38	159	plate.jpg.dat	1	303	519.437701230666	NA	NA
30	39	157	plate.jpg.dat	1	319	510.542194187044	NA	NA
30	40	154	plate.jpg.dat	1	319	492.58118769225	NA	NA
30	41	177	plate.jpg.dat	1	335	555.55099003343	NA	NA
30	42	204	plate.jpg.dat	1	335	649.626805372932	NA	NA
30	43	160	plate.jpg.dat	1	351	530.220418944294	NA	NA
30	44	156	plate.jpg.dat	1	351	537.471510242037	NA	NA
30	45	161	plate.jpg.dat	1	367	561.349218768581	NA	NA
30	46	163	plate.jpg.dat	1	367	552.493361643139	NA	NA
30	47	172	plate.jpg.dat	1	383	529.853795786361	NA	NA
30	48	188	plate.jpg.dat	1	383	523.457282451057	NA	NA
31	1	218	plate.jpg.dat	1	16	581.96646918239	NA	NA
31	2	124	plate.jpg.dat	1	16	NA	NA	status=JK
31	3	142	plate.jpg.dat	1	32	528.633406001535	NA	NA
31	4	173	plate.jpg.dat	1	32	629.430190486998	NA	NA
31	5	159	plate.jpg.dat	1	48	582.014746338385	NA	NA
31	6	164	plate.jpg.dat	1	48	581.21851550344	NA	NA
31	7	143	plate.jpg.dat	1	64	513.08149284022	NA	NA
31	8	143	plate.jpg.dat	1	64	501.064468725856	NA	NA
31	9	123	plate.jpg.dat	1	80	445.32765147727	NA	NA
31	10	139	plate.jpg.dat	1	80	502.215019393603	NA	NA
31	11	154	plate.jpg.dat	1	96	558.923070598752	NA	NA
31	12	141	plate.jpg.dat	1	96	523.028902610628	NA	NA
31	13	140	plate.jpg.dat	1	112	517.546981456252	NA	NA
31	14	92	plate.jpg.dat	1	112	NA	NA	status=JK
31	15	130	plate.jpg.dat	1	128	469.184729837001	NA	NA
31	16	132	plate.jpg.dat	1	128	474.781008082682	NA	NA
31	17	97	plate.jpg.dat	1	144	376.258659000077	NA	NA
31	18	134	plate.jpg.dat	1	144	487.210857837428	NA	NA
31	19	164	plate.jpg.dat	1	160	572.531275207531	NA	NA
31	20	145	plate.jpg.dat	1	160	510.722572733275	NA	NA
31	21	166	plate.jpg.dat	1	176	570.716568413476	NA	NA
31	22	145	plate.jpg.dat	1	176	507.769908440194	NA	NA
31	23	132	plate.jpg.dat	1	192	473.963222871673	NA	NA
31	24	115	plate.jpg.dat	1	192	425.833221218772	NA	NA
31	25	131	plate.jpg.dat	1	208	470.512729342825	NA	NA
31	26	172	plate.jpg.dat	1	208	NA	NA	status=JK
31	27	113	plate.jpg.dat	1	224	418.35155232298	NA	NA
31	28	134	plate.jpg.dat	1	224	NA	NA	status=JK
31	29	108	plate.jpg.dat	1	240	404.157857312924	NA	NA
31	30	145	plate.jpg.dat	1	240	NA	NA	status=JK
31	31	162	plate.jpg.dat	1	256	540.812679143439	NA	NA
31	32	153	plate.jpg.dat	1	256	510.659481812497	NA	NA
31	33	123	plate.jpg.dat	1	272	425.607622326799	NA	NA
31	34	166	plate.jpg.dat	1	272	551.06619483947	NA	NA
31	35	138	plate.jpg.dat	1	288	458.035828035286	NA	NA
31	36	155	plate.jpg.dat	1	288	504.315102797879	NA	NA
31	37	150	plate.jpg.dat	1	304	495.298584506916	NA	NA
31	38	150	plate.jpg.dat	1	304	499.516779630247	NA	NA
31	39	158	plate.jpg.dat	1	320	521.009094896135	NA	NA
31	40	133	plate.jpg.dat	1	320	434.769056938021	NA	NA
31	41	158	plate.jpg.dat	1	336	NA	NA	status=JK
31	42	165	plate.jpg.dat	1	336	543.285301046838	NA	NA
31	43	149	plate.jpg.dat	1	352	513.730002433162	NA	NA
31	44	156	plate.jpg.dat	1	352	558.959719151835	NA	NA
31	45	135	plate.jpg.dat	1	368	512.822489241227	NA	NA
31	46	171	plate.jpg.dat	1	368	602.679382622746	NA	NA
31	47	162	plate.jpg.dat	1	384	NA	NA	status=JK
31	48	228	plate.jpg.dat	1	384	636.830842329891	NA	NA
32	1	302	plate.jpg.dat	1	16	590.735887890442	NA	NA
32	2	290	plate.jpg.dat	1	16	637.33570577554	NA	NA
32	3	277	plate.jpg.dat	1	32	691.819453946415	NA	NA
32	4	243	plate.jpg.dat	1	32	651.35378448241	NA	NA
32	5	241	plate.jpg.dat	1	48	643.12541737268	NA	NA
32	6	177	plate.jpg.dat	1	48	488.937694554654	NA	NA
32	7	224	plate.jpg.dat	1	64	NA	NA	status=JK
32	8	203	plate.jpg.dat	1	64	528.563739763042	NA	NA
32	9	227	plate.jpg.dat	1	80	585.458079748598	NA	NA
32	10	175	plate.jpg.dat	1	80	474.541593415148	NA	NA
32	11	192	plate.jpg.dat	1	96	524.183351970859	NA	NA
32	12	196	plate.jpg.dat	1	96	536.77801021532	NA	NA
32	13	188	plate.jpg.dat	1	112	515.090487178997	NA	NA
32	14	196	plate.jpg.dat	1	112	522.43286298495	NA	NA
32	15	161	plate.jpg.dat	1	128	NA	NA	status=JK
32	16	179	plate.jpg.dat	1	128	475.738739231353	NA	NA
32	17	167	plate.jpg.dat	1	144	453.925838368348	NA	NA
32	18	157	plate.jpg.dat	1	144	431.520371839082	NA	NA
32	19	152	plate.jpg.dat	1	160	416.345650483866	NA	NA
32	20	173	plate.jpg.dat	1	160	460.423032697095	NA	NA
32	21	152	plate.jpg.dat	1	176	410.840731819566	NA	NA
32	22	166	plate.jpg.dat	1	176	442.584613654536	NA	NA
32	23	159	plate.jpg.dat	1	192	431.12899979745	NA	NA
32	24	134	plate.jpg.dat	1	192	376.964284130415	NA	NA
32	25	154	plate.jpg.dat	1	208	420.898212112212	NA	NA
32	26	168	plate.jpg.dat	1	208	448.544319632846	NA	NA
32	27	156	plate.jpg.dat	1	224	427.210185425744	NA	NA
32	28	149	plate.jpg.dat	1	224	416.364194504069	NA	NA
32	29	156	plate.jpg.dat	1	240	428.453799424052	NA	NA
32	30	148	plate.jpg.dat	1	240	400.650576547253	NA	NA
32	31	156	plate.jpg.dat	1	256	410.766247249789	NA	NA
32	32	176	plate.jpg.dat	1	256	451.754813546832	NA	NA
32	33	193	plate.jpg.dat	1	272	493.620880620882	NA	NA
32	34	225	plate.jpg.dat	1	272	565.396698467447	NA	NA
32	35	233	plate.jpg.dat	1	288	574.45487546624	NA	NA
32	36	208	plate.jpg.dat	1	288	514.301047967529	NA	NA
32	37	222	plate.jpg.dat	1	304	554.49299404272	NA	NA
32	38	237	plate.jpg.dat	1	304	595.771647566524	NA	NA
32	39	224	plate.jpg.dat	1	320	561.354494197315	NA	NA
32	40	208	plate.jpg.dat	1	320	514.057262911816	NA	NA
32	41	222	plate.jpg.dat	1	336	540.169593513597	NA	NA
32	42	216	plate.jpg.dat	1	336	543.596365316814	NA	NA
32	43	224	plate.jpg.dat	1	352	579.851571816265	NA	NA
32	44	225	plate.jpg.dat	1	352	601.913535152713	NA	NA
32	45	203	plate.jpg.dat	1	368	562.613767590847	NA	NA
32	46	219	plate.jpg.dat	1	368	582.710699999802	NA	NA
32	47	256	plate.jpg.dat	1	384	603.454110954017	NA	NA
32	48	300	plate.jpg.dat	1	384	627.075411444955	NA	NA
