#row  column  size-1  circ-1  MedInt-1
1 1 277 0.925 228
1 2 171 0.944 229
1 3 127 0.929 234
1 4 156 0.959 238
1 5 141 0.913 238
1 6 146 0.921 240
1 7 134 0.953 238
1 8 163 0.966 242
1 9 134 0.953 236
1 10 168 0.961 242
1 11 166 0.926 242
1 12 170 0.916 237
1 13 182 0.958 242
1 14 158 0.961 241
1 15 204 0.938 246
1 16 170 0.916 240
1 17 167 0.909 238
1 18 160 0.925 240
1 19 186 0.946 237
1 20 171 0.9 238
1 21 189 0.939 241
1 22 176 0.958 226
1 23 200 0.949 238
1 24 187 0.929 240
1 25 181 0.9 236
1 26 188 0.913 242
1 27 200 0.94 239
1 28 187 0.929 235
1 29 186 0.903 239
1 30 199 0.936 236
1 31 156 0.935 238
1 32 193 0.946 228
1 33 186 0.933 238
1 34 182 0.944 238
1 35 194 0.921 241
1 36 165 0.93 234
1 37 164 0.948 231
1 38 161 0.921 239
1 39 160 0.893 238
1 40 150 0.946 231
1 41 188 0.913 240
1 42 149 0.94 237
1 43 154 0.881 228
1 44 0 0.0 0
1 45 143 0.926 232
1 46 0 0.0 0
1 47 154 0.937 229
1 48 308 0.847 220
2 1 147 0.928 229
2 2 152 0.949 230
2 3 145 0.939 234
2 4 143 0.952 236
2 5 149 0.94 240
2 6 144 0.933 237
2 7 138 0.944 243
2 8 132 0.977 238
2 9 137 0.947 237
2 10 140 0.995 239
2 11 144 0.923 242
2 12 140 0.968 239
2 13 136 0.941 238
2 14 146 0.946 246
2 15 132 0.938 239
2 16 141 0.938 242
2 17 146 0.946 239
2 18 147 0.952 239
2 19 139 0.925 243
2 20 136 0.941 239
2 21 141 0.949 244
2 22 144 0.996 241
2 23 133 0.909 238
2 24 147 0.952 238
2 25 125 0.963 235
2 26 134 0.902 236
2 27 138 0.954 236
2 28 160 0.939 240
2 29 134 0.916 240
2 30 141 0.904 239
2 31 129 0.954 238
2 32 139 0.961 239
2 33 131 0.931 240
2 34 135 0.898 235
2 35 128 0.947 241
2 36 142 0.92 243
2 37 134 0.927 239
2 38 135 0.934 238
2 39 133 0.92 238
2 40 135 0.934 236
2 41 139 0.925 240
2 42 149 0.965 239
2 43 148 0.934 239
2 44 142 0.982 238
2 45 148 0.934 236
2 46 145 0.939 229
2 47 142 0.91 227
2 48 162 0.96 223
3 1 166 0.95 227
3 2 154 0.961 235
3 3 129 0.917 236
3 4 118 0.925 235
3 5 157 0.931 239
3 6 149 0.965 238
3 7 125 0.914 238
3 8 138 0.918 240
3 9 137 0.912 243
3 10 157 0.955 240
3 11 128 0.963 241
3 12 126 0.921 239
3 13 148 0.959 238
3 14 156 0.915 240
3 15 72 0.98 237
3 16 140 0.957 242
3 17 152 0.949 240
3 18 80 0.898 237
3 19 112 0.943 231
3 20 146 0.936 238
3 21 156 0.949 239
3 22 151 0.942 244
3 23 144 0.958 238
3 24 142 0.956 238
3 25 157 0.955 240
3 26 144 0.933 238
3 27 146 0.911 240
3 28 140 0.957 241
3 29 157 0.955 239
3 30 141 0.913 241
3 31 148 0.934 238
3 32 147 0.952 240
3 33 155 0.943 241
3 34 139 0.961 237
3 35 138 0.981 239
3 36 153 0.931 240
3 37 147 0.894 241
3 38 83 0.995 239
3 39 132 0.938 240
3 40 138 0.954 237
3 41 142 0.956 241
3 42 128 0.936 238
3 43 142 0.945 242
3 44 152 0.924 239
3 45 145 0.929 236
3 46 161 0.921 232
3 47 170 0.972 232
3 48 172 0.96 228
4 1 186 0.933 233
4 2 153 0.907 233
4 3 148 0.9 240
4 4 163 0.932 240
4 5 141 0.89 241
4 6 132 0.938 241
4 7 142 0.92 246
4 8 149 0.93 238
4 9 149 0.955 239
4 10 146 0.921 243
4 11 139 0.961 242
4 12 81 -1.0 241
4 13 140 0.968 240
4 14 118 0.964 245
4 15 86 0.901 239
4 16 162 0.96 243
4 17 156 0.949 243
4 18 166 0.926 242
4 19 157 0.955 239
4 20 158 0.927 240
4 21 116 0.977 240
4 22 150 0.972 237
4 23 145 0.915 238
4 24 163 0.9 240
4 25 116 0.948 235
4 26 150 0.936 237
4 27 142 0.956 239
4 28 162 0.927 238
4 29 132 0.949 237
4 30 156 0.925 239
4 31 144 0.933 237
4 32 133 0.973 240
4 33 155 0.933 239
4 34 153 0.931 242
4 35 133 0.92 239
4 36 136 0.881 242
4 37 135 0.96 243
4 38 144 0.958 241
4 39 123 0.976 243
4 40 146 0.956 242
4 41 129 0.954 240
4 42 139 0.901 240
4 43 115 0.94 241
4 44 146 0.946 236
4 45 51 0.829 229
4 46 157 0.955 235
4 47 154 0.937 235
4 48 191 0.949 233
5 1 177 0.901 238
5 2 183 0.94 237
5 3 170 0.939 242
5 4 164 0.906 246
5 5 149 0.94 249
5 6 137 0.912 242
5 7 155 0.943 248
5 8 153 0.875 244
5 9 150 0.946 241
5 10 126 0.959 247
5 11 143 0.926 245
5 12 161 0.921 243
5 13 138 0.981 241
5 14 139 0.925 246
5 15 136 0.967 243
5 16 149 0.93 241
5 17 12 -1.0 186
5 18 164 0.915 241
5 19 167 0.98 242
5 20 154 0.913 241
5 21 164 0.938 239
5 22 160 0.973 245
5 23 166 0.95 240
5 24 156 0.974 242
5 25 129 0.954 236
5 26 173 0.932 241
5 27 167 0.922 242
5 28 152 0.924 242
5 29 144 0.933 240
5 30 160 0.948 244
5 31 132 0.977 243
5 32 148 0.924 243
5 33 146 0.921 238
5 34 153 0.897 243
5 35 142 0.945 243
5 36 137 0.912 243
5 37 96 0.96 241
5 38 138 0.944 243
5 39 138 0.981 243
5 40 152 0.959 247
5 41 132 0.965 242
5 42 134 0.892 242
5 43 136 0.93 242
5 44 133 0.946 242
5 45 164 0.962 241
5 46 140 0.907 237
5 47 184 0.945 235
5 48 193 0.946 234
6 1 195 0.947 242
6 2 185 0.928 243
6 3 17 -1.0 206
6 4 160 0.884 249
6 5 154 0.937 242
6 6 146 0.936 238
6 7 64 0.885 245
6 8 143 0.978 239
6 9 143 0.952 242
6 10 156 0.925 245
6 11 63 0.892 242
6 12 149 0.965 239
6 13 145 0.95 243
6 14 153 0.931 245
6 15 92 0.932 241
6 16 174 0.938 243
6 17 166 0.95 243
6 18 122 0.918 242
6 19 84 0.84 240
6 20 162 0.927 243
6 21 147 0.942 244
6 22 106 0.893 239
6 23 0 0.0 0
6 24 21 0.88 224
6 25 174 0.947 241
6 26 164 0.938 248
6 27 13 -1.0 189
6 28 125 0.992 244
6 29 153 0.931 244
6 30 149 0.906 243
6 31 0 0.0 0
6 32 152 0.924 243
6 33 150 0.972 244
6 34 143 0.926 244
6 35 33 0.892 228
6 36 153 0.931 240
6 37 133 0.957 244
6 38 139 0.961 243
6 39 39 0.929 235
6 40 120 0.914 241
6 41 95 0.963 239
6 42 151 0.942 243
6 43 34 0.994 237
6 44 163 0.932 244
6 45 146 0.946 241
6 46 161 0.944 242
6 47 180 0.947 241
6 48 185 0.919 233
7 1 186 0.895 245
7 2 184 0.914 242
7 3 167 0.932 244
7 4 156 0.949 243
7 5 113 0.952 241
7 6 126 0.932 243
7 7 164 0.938 244
7 8 88 -1.0 241
7 9 147 0.918 241
7 10 137 0.947 245
7 11 135 0.96 246
7 12 149 0.93 246
7 13 143 0.926 245
7 14 132 0.938 243
7 15 154 0.937 245
7 16 161 0.954 246
7 17 166 0.895 243
7 18 164 0.948 240
7 19 161 0.921 241
7 20 164 0.906 243
7 21 155 0.887 242
7 22 0 0.0 0
7 23 167 0.955 246
7 24 177 0.931 243
7 25 168 0.937 243
7 26 48 0.967 239
7 27 163 0.879 245
7 28 149 0.906 245
7 29 147 0.918 241
7 30 118 0.888 242
7 31 85 0.891 240
7 32 164 0.948 243
7 33 147 0.952 241
7 34 120 0.981 244
7 35 110 0.873 243
7 36 151 0.918 243
7 37 145 0.939 244
7 38 136 0.905 244
7 39 147 0.952 242
7 40 143 0.937 243
7 41 132 0.938 247
7 42 138 0.944 245
7 43 126 0.948 242
7 44 48 0.924 236
7 45 148 0.959 246
7 46 155 0.919 242
7 47 187 0.929 242
7 48 0 0.0 0
8 1 190 0.944 243
8 2 174 0.938 245
8 3 166 0.95 244
8 4 160 0.973 242
8 5 129 0.954 247
8 6 156 0.925 247
8 7 0 0.0 0
8 8 39 1.0 241
8 9 151 0.918 247
8 10 152 0.959 244
8 11 145 0.976 244
8 12 132 0.938 240
8 13 162 0.936 244
8 14 138 0.954 244
8 15 118 0.953 242
8 16 159 0.933 248
8 17 154 0.937 244
8 18 164 0.938 242
8 19 113 0.952 242
8 20 167 0.932 246
8 21 168 0.937 245
8 22 175 0.943 244
8 23 146 0.972 242
8 24 172 0.95 242
8 25 159 0.91 242
8 26 163 0.942 240
8 27 130 0.962 240
8 28 159 0.878 250
8 29 156 0.949 243
8 30 151 0.918 243
8 31 127 0.967 241
8 32 114 0.932 242
8 33 131 0.896 244
8 34 115 0.969 248
8 35 141 0.913 243
8 36 139 0.925 244
8 37 169 0.911 246
8 38 136 0.967 248
8 39 70 -1.0 239
8 40 125 0.963 241
8 41 131 0.958 243
8 42 151 0.918 243
8 43 129 0.982 244
8 44 147 0.952 242
8 45 118 0.994 242
8 46 167 0.932 242
8 47 180 0.925 241
8 48 200 0.919 241
9 1 205 0.913 242
9 2 189 0.939 243
9 3 178 0.937 245
9 4 147 0.928 242
9 5 157 0.931 244
9 6 148 0.959 242
9 7 148 0.959 242
9 8 147 0.918 252
9 9 142 0.92 240
9 10 137 0.974 242
9 11 115 0.999 236
9 12 63 0.943 241
9 13 65 0.973 235
9 14 155 0.943 243
9 15 129 0.882 240
9 16 148 0.924 240
9 17 136 0.915 242
9 18 157 0.955 239
9 19 115 0.94 235
9 20 156 0.939 245
9 21 152 0.959 245
9 22 162 0.96 246
9 23 158 0.904 241
9 24 0 0.0 0
9 25 175 0.943 242
9 26 117 0.956 237
9 27 162 0.927 249
9 28 145 0.939 246
9 29 165 0.954 246
9 30 161 0.944 244
9 31 10 -1.0 158
9 32 163 0.932 244
9 33 134 0.953 246
9 34 157 0.898 245
9 35 145 0.929 243
9 36 90 0.99 243
9 37 155 0.943 243
9 38 134 0.953 242
9 39 144 0.923 241
9 40 140 0.907 243
9 41 150 0.936 247
9 42 138 0.918 245
9 43 129 0.917 241
9 44 140 0.932 244
9 45 93 0.988 240
9 46 0 0.0 0
9 47 174 0.916 242
9 48 198 0.94 237
10 1 199 0.915 240
10 2 193 0.946 239
10 3 145 0.905 242
10 4 161 0.944 246
10 5 138 0.954 246
10 6 146 0.911 246
10 7 109 0.959 242
10 8 159 0.878 246
10 9 154 0.972 244
10 10 158 0.961 239
10 11 85 0.903 238
10 12 161 0.944 245
10 13 174 0.938 243
10 14 169 0.967 244
10 15 29 0.953 230
10 16 155 0.909 246
10 17 167 0.955 241
10 18 162 0.96 242
10 19 118 0.925 236
10 20 152 0.924 240
10 21 169 0.943 244
10 22 161 0.954 246
10 23 118 0.888 241
10 24 168 0.928 242
10 25 159 0.943 239
10 26 146 0.946 238
10 27 120 0.952 238
10 28 144 0.933 241
10 29 149 0.883 241
10 30 112 0.915 240
10 31 81 0.923 240
10 32 141 0.949 239
10 33 157 0.955 241
10 34 161 0.921 244
10 35 139 0.901 244
10 36 0 0.0 0
10 37 143 0.962 244
10 38 135 0.96 240
10 39 78 0.921 242
10 40 139 0.935 243
10 41 89 0.902 241
10 42 143 0.926 244
10 43 69 0.939 238
10 44 97 0.909 240
10 45 162 0.936 246
10 46 171 0.954 242
10 47 184 0.923 239
10 48 201 0.924 237
11 1 194 0.964 244
11 2 180 0.947 241
11 3 182 0.935 246
11 4 164 0.962 245
11 5 0 0.0 0
11 6 144 0.958 243
11 7 150 0.936 246
11 8 151 0.942 246
11 9 119 0.944 241
11 10 150 0.912 244
11 11 157 0.931 244
11 12 162 0.904 244
11 13 169 0.967 243
11 14 165 0.944 244
11 15 0 0.0 0
11 16 165 0.944 244
11 17 161 0.954 243
11 18 148 0.934 240
11 19 102 0.926 234
11 20 182 0.958 242
11 21 155 0.909 241
11 22 162 0.895 238
11 23 127 0.929 238
11 24 152 0.869 241
11 25 123 0.948 237
11 26 135 0.934 234
11 27 150 0.912 246
11 28 177 0.964 241
11 29 142 0.945 240
11 30 163 0.942 240
11 31 150 0.936 246
11 32 136 0.941 242
11 33 106 0.932 241
11 34 139 0.925 244
11 35 106 0.993 243
11 36 149 0.965 242
11 37 135 0.96 244
11 38 151 0.953 244
11 39 136 0.93 244
11 40 132 0.913 243
11 41 131 0.969 246
11 42 86 0.901 241
11 43 136 0.905 245
11 44 153 0.907 243
11 45 160 0.948 241
11 46 153 0.931 241
11 47 168 0.937 240
11 48 198 0.91 239
12 1 195 0.917 245
12 2 185 0.919 243
12 3 154 0.961 238
12 4 171 0.931 243
12 5 81 0.971 236
12 6 131 0.931 241
12 7 154 0.903 249
12 8 155 0.919 244
12 9 147 0.952 245
12 10 160 0.948 247
12 11 153 0.907 248
12 12 0 0.0 0
12 13 161 0.931 246
12 14 124 0.972 240
12 15 140 0.968 242
12 16 135 0.923 241
12 17 154 0.937 240
12 18 161 0.944 238
12 19 139 0.961 240
12 20 164 0.948 241
12 21 125 0.94 237
12 22 146 0.972 238
12 23 142 0.945 238
12 24 118 0.953 236
12 25 163 0.942 242
12 26 160 0.948 247
12 27 112 0.904 239
12 28 67 0.912 242
12 29 154 0.881 247
12 30 134 0.927 240
12 31 149 0.94 241
12 32 126 0.948 240
12 33 157 0.898 240
12 34 111 0.935 242
12 35 155 0.943 244
12 36 82 0.983 240
12 37 145 0.976 243
12 38 152 0.924 241
12 39 130 0.935 241
12 40 132 0.938 245
12 41 149 0.906 244
12 42 131 0.931 244
12 43 130 0.951 244
12 44 136 0.967 244
12 45 148 0.959 240
12 46 162 0.927 243
12 47 171 0.978 235
12 48 192 0.911 240
13 1 194 0.942 245
13 2 193 0.907 245
13 3 157 0.955 244
13 4 165 0.978 249
13 5 172 0.927 246
13 6 66 0.934 241
13 7 138 0.918 245
13 8 142 0.92 244
13 9 63 0.844 238
13 10 138 0.954 248
13 11 141 0.938 241
13 12 176 0.926 243
13 13 154 0.937 246
13 14 137 0.937 240
13 15 158 0.961 245
13 16 135 0.944 240
13 17 146 0.946 241
13 18 161 0.954 239
13 19 159 0.943 241
13 20 171 0.922 237
13 21 117 0.891 237
13 22 114 0.904 237
13 23 164 0.938 244
13 24 157 0.98 245
13 25 154 0.937 240
13 26 113 0.923 237
13 27 141 0.938 241
13 28 133 0.92 241
13 29 153 0.921 242
13 30 62 0.892 237
13 31 132 0.938 241
13 32 148 0.9 246
13 33 146 0.946 245
13 34 136 0.967 247
13 35 148 0.959 247
13 36 101 0.946 241
13 37 85 0.983 239
13 38 135 0.934 238
13 39 127 0.94 242
13 40 141 0.904 243
13 41 142 0.945 244
13 42 141 0.938 243
13 43 136 0.941 241
13 44 156 0.925 242
13 45 141 0.938 244
13 46 145 0.939 239
13 47 181 0.93 240
13 48 196 0.974 240
14 1 196 0.922 244
14 2 197 0.935 242
14 3 109 0.946 241
14 4 170 0.949 248
14 5 157 0.955 250
14 6 164 0.906 248
14 7 153 0.955 247
14 8 150 0.946 243
14 9 117 0.956 239
14 10 165 0.921 242
14 11 101 0.917 235
14 12 114 0.92 237
14 13 171 0.954 243
14 14 155 0.967 240
14 15 156 0.925 245
14 16 160 0.948 238
14 17 148 0.959 240
14 18 165 0.921 235
14 19 111 0.964 229
14 20 158 0.961 240
14 21 167 0.955 243
14 22 166 0.895 241
14 23 152 0.949 247
14 24 94 0.966 235
14 25 155 0.943 243
14 26 180 0.947 242
14 27 107 0.929 241
14 28 150 0.936 249
14 29 166 0.959 246
14 30 152 0.949 240
14 31 123 0.874 241
14 32 149 0.965 243
14 33 134 0.916 243
14 34 150 0.936 250
14 35 66 0.988 242
14 36 133 0.946 248
14 37 146 0.946 247
14 38 149 0.93 241
14 39 57 0.839 239
14 40 140 0.932 244
14 41 144 0.876 244
14 42 137 0.947 247
14 43 112 0.915 240
14 44 144 0.996 241
14 45 0 0.0 0
14 46 156 0.902 239
14 47 184 0.945 238
14 48 197 0.935 238
15 1 188 0.913 249
15 2 201 0.945 240
15 3 0 0.0 0
15 4 166 0.95 244
15 5 161 0.931 245
15 6 138 0.918 240
15 7 154 0.972 249
15 8 89 0.902 245
15 9 172 0.936 243
15 10 137 0.974 244
15 11 153 0.931 245
15 12 161 0.954 246
15 13 177 0.931 244
15 14 145 0.873 242
15 15 141 0.975 247
15 16 159 0.967 244
15 17 157 0.955 239
15 18 149 0.965 239
15 19 138 0.954 238
15 20 152 0.959 242
15 21 169 0.967 241
15 22 170 0.949 246
15 23 61 0.951 234
15 24 141 0.904 236
15 25 48 0.866 228
15 26 172 0.927 249
15 27 178 0.915 247
15 28 98 0.918 242
15 29 0 0.0 0
15 30 0 0.0 0
15 31 131 0.906 241
15 32 130 0.924 242
15 33 127 0.893 242
15 34 79 0.982 241
15 35 121 0.948 245
15 36 145 0.965 243
15 37 0 0.0 0
15 38 148 0.959 242
15 39 148 0.924 242
15 40 143 0.926 239
15 41 124 0.944 243
15 42 95 0.976 239
15 43 94 0.953 239
15 44 157 0.921 246
15 45 139 0.915 243
15 46 165 0.944 243
15 47 185 0.95 244
15 48 204 0.909 236
16 1 191 0.898 242
16 2 177 0.88 242
16 3 182 0.935 242
16 4 181 0.952 243
16 5 159 0.943 241
16 6 168 0.937 243
16 7 82 0.934 242
16 8 149 0.906 248
16 9 139 0.901 241
16 10 150 0.912 242
16 11 148 0.959 241
16 12 147 0.942 238
16 13 153 0.965 241
16 14 124 0.907 240
16 15 143 0.962 244
16 16 160 0.939 239
16 17 167 0.932 242
16 18 145 0.905 243
16 19 147 0.978 237
16 20 99 0.86 237
16 21 117 0.928 242
16 22 153 0.931 243
16 23 156 0.902 240
16 24 164 0.915 241
16 25 168 0.928 240
16 26 161 0.954 245
16 27 132 0.913 245
16 28 152 0.959 240
16 29 163 0.9 247
16 30 146 0.936 243
16 31 106 0.92 237
16 32 133 0.909 237
16 33 160 0.939 245
16 34 159 0.91 243
16 35 76 0.944 240
16 36 118 0.964 248
16 37 154 0.913 242
16 38 77 0.957 240
16 39 138 0.954 240
16 40 134 0.927 240
16 41 142 0.982 241
16 42 108 0.938 243
16 43 136 0.967 245
16 44 134 0.953 240
16 45 139 0.961 239
16 46 147 0.978 236
16 47 188 0.956 240
16 48 192 0.911 241
17 1 204 0.947 242
17 2 202 0.929 241
17 3 119 0.906 241
17 4 149 0.965 242
17 5 140 0.883 243
17 6 150 0.88 245
17 7 160 0.948 244
17 8 167 0.965 244
17 9 0 0.0 0
17 10 153 0.931 243
17 11 146 0.936 242
17 12 163 0.966 243
17 13 159 0.919 236
17 14 142 0.91 242
17 15 164 0.884 237
17 16 159 0.967 238
17 17 164 0.938 241
17 18 148 0.9 238
17 19 157 0.955 239
17 20 160 0.973 241
17 21 152 0.949 240
17 22 156 0.949 241
17 23 159 0.943 240
17 24 160 0.939 238
17 25 163 0.9 236
17 26 166 0.95 242
17 27 171 0.9 243
17 28 162 0.936 243
17 29 151 0.953 246
17 30 155 0.943 245
17 31 145 0.965 240
17 32 112 0.915 236
17 33 141 0.913 241
17 34 147 0.978 240
17 35 165 0.921 243
17 36 159 0.967 244
17 37 76 0.944 244
17 38 136 0.941 242
17 39 164 0.938 244
17 40 133 0.946 241
17 41 154 0.913 243
17 42 75 0.932 240
17 43 157 0.921 243
17 44 162 0.927 240
17 45 153 0.907 239
17 46 162 0.96 239
17 47 180 0.947 236
17 48 197 0.906 232
18 1 198 0.931 241
18 2 194 0.892 238
18 3 180 0.97 242
18 4 185 0.95 243
18 5 182 0.958 245
18 6 98 0.918 240
18 7 40 0.691 234
18 8 157 0.945 244
18 9 140 0.942 245
18 10 158 0.961 243
18 11 94 0.922 242
18 12 76 0.911 234
18 13 149 0.965 238
18 14 164 0.906 245
18 15 146 0.911 240
18 16 151 0.918 239
18 17 151 0.953 235
18 18 147 0.942 237
18 19 151 0.942 242
18 20 163 0.942 244
18 21 166 0.917 241
18 22 157 0.955 240
18 23 161 0.954 239
18 24 145 0.905 240
18 25 146 0.921 236
18 26 39 0.858 228
18 27 140 0.932 246
18 28 146 0.921 240
18 29 148 0.924 247
18 30 99 0.958 240
18 31 0 0.0 0
18 32 161 0.954 244
18 33 151 0.928 239
18 34 116 0.977 244
18 35 155 0.909 244
18 36 159 0.967 241
18 37 163 0.956 244
18 38 141 0.949 241
18 39 125 0.903 241
18 40 159 0.967 241
18 41 140 0.995 238
18 42 129 0.917 241
18 43 145 0.965 240
18 44 158 0.927 240
18 45 166 0.895 240
18 46 172 0.936 241
18 47 167 0.955 232
18 48 193 0.899 237
19 1 205 0.922 243
19 2 192 0.924 240
19 3 181 0.952 242
19 4 154 0.937 238
19 5 169 0.943 244
19 6 125 0.952 243
19 7 156 0.892 252
19 8 154 0.903 243
19 9 150 0.972 239
19 10 154 0.937 243
19 11 171 0.922 244
19 12 146 0.936 242
19 13 151 0.978 239
19 14 149 0.93 243
19 15 171 0.931 240
19 16 149 0.906 239
19 17 157 0.931 240
19 18 146 0.972 242
19 19 164 0.915 238
19 20 122 0.968 244
19 21 147 0.904 245
19 22 133 0.92 237
19 23 150 0.961 239
19 24 160 0.925 244
19 25 157 0.955 238
19 26 153 0.941 243
19 27 148 0.959 241
19 28 131 0.969 244
19 29 155 0.919 240
19 30 137 0.947 240
19 31 150 0.972 241
19 32 133 0.946 240
19 33 161 0.931 247
19 34 121 0.921 242
19 35 143 0.952 242
19 36 146 0.911 244
19 37 114 0.932 239
19 38 134 0.953 238
19 39 157 0.955 240
19 40 152 0.901 242
19 41 144 0.969 242
19 42 0 0.0 0
19 43 163 0.91 241
19 44 137 0.937 236
19 45 166 0.895 241
19 46 138 0.929 236
19 47 194 0.942 236
19 48 202 0.9 237
20 1 199 0.936 244
20 2 182 0.958 241
20 3 151 0.918 239
20 4 143 0.941 239
20 5 107 0.941 241
20 6 158 0.937 242
20 7 109 0.946 240
20 8 153 0.955 242
20 9 163 0.942 242
20 10 164 0.972 243
20 11 126 0.932 238
20 12 147 0.918 238
20 13 138 0.981 244
20 14 140 0.968 236
20 15 141 0.913 239
20 16 115 0.928 237
20 17 163 0.932 243
20 18 0 0.0 0
20 19 155 0.943 240
20 20 137 0.912 240
20 21 127 0.929 234
20 22 136 0.967 236
20 23 148 0.959 240
20 24 149 0.897 239
20 25 96 0.929 231
20 26 51 0.981 233
20 27 133 0.946 236
20 28 149 0.93 239
20 29 148 0.948 243
20 30 142 0.945 247
20 31 117 0.956 240
20 32 111 0.976 240
20 33 130 0.99 237
20 34 93 0.844 234
20 35 144 0.933 237
20 36 150 0.972 237
20 37 153 0.955 243
20 38 119 0.973 237
20 39 114 0.932 239
20 40 148 0.924 239
20 41 144 0.933 241
20 42 159 0.967 240
20 43 0 0.0 0
20 44 162 0.927 239
20 45 173 0.932 240
20 46 177 0.931 238
20 47 191 0.949 235
20 48 198 0.94 239
21 1 185 0.95 245
21 2 181 0.9 243
21 3 147 0.942 243
21 4 165 0.944 243
21 5 183 0.94 249
21 6 103 0.947 237
21 7 167 0.932 244
21 8 112 0.955 241
21 9 126 0.906 242
21 10 144 0.958 240
21 11 98 0.901 244
21 12 114 0.904 237
21 13 177 0.922 243
21 14 158 0.873 246
21 15 87 0.912 238
21 16 162 0.927 244
21 17 161 0.931 240
21 18 0 0.0 0
21 19 162 0.936 242
21 20 163 0.932 240
21 21 152 0.959 241
21 22 133 0.92 246
21 23 134 0.953 237
21 24 151 0.918 240
21 25 147 0.894 239
21 26 163 0.932 245
21 27 158 0.961 245
21 28 94 0.999 237
21 29 0 0.0 0
21 30 143 0.952 242
21 31 132 0.938 240
21 32 140 0.932 238
21 33 94 0.922 238
21 34 157 0.955 240
21 35 130 0.99 238
21 36 140 0.942 239
21 37 113 0.964 238
21 38 141 0.938 240
21 39 164 0.938 244
21 40 105 0.941 236
21 41 135 0.923 241
21 42 163 0.932 242
21 43 0 0.0 0
21 44 156 0.915 237
21 45 132 0.965 237
21 46 182 0.958 235
21 47 194 0.942 234
21 48 180 0.916 222
22 1 185 0.898 242
22 2 189 0.918 239
22 3 139 0.961 243
22 4 149 0.965 239
22 5 150 0.912 243
22 6 145 0.939 242
22 7 128 0.947 252
22 8 150 0.912 241
22 9 131 0.958 238
22 10 160 0.948 241
22 11 145 0.882 240
22 12 151 0.918 242
22 13 45 0.907 231
22 14 160 0.925 244
22 15 159 0.943 239
22 16 151 0.942 239
22 17 124 0.944 239
22 18 161 0.868 240
22 19 152 0.915 240
22 20 163 0.966 243
22 21 160 0.939 244
22 22 155 0.943 244
22 23 149 0.94 236
22 24 144 0.933 232
22 25 133 0.946 235
22 26 148 0.996 239
22 27 133 0.946 237
22 28 173 0.91 244
22 29 133 0.973 243
22 30 161 0.931 239
22 31 97 0.853 239
22 32 165 0.921 241
22 33 141 0.938 239
22 34 169 0.943 240
22 35 19 0.944 210
22 36 163 0.942 242
22 37 145 0.915 236
22 38 155 0.943 238
22 39 135 0.934 239
22 40 152 0.924 239
22 41 116 0.977 236
22 42 121 0.977 237
22 43 140 0.968 237
22 44 140 0.932 235
22 45 133 0.984 238
22 46 164 0.938 235
22 47 185 0.919 234
22 48 198 0.931 242
23 1 191 0.928 242
23 2 160 0.948 244
23 3 153 0.941 241
23 4 161 0.979 239
23 5 147 0.952 250
23 6 108 0.921 244
23 7 136 0.941 244
23 8 97 0.983 238
23 9 149 0.965 247
23 10 94 0.909 241
23 11 154 0.937 246
23 12 121 0.885 242
23 13 175 0.912 247
23 14 58 0.868 238
23 15 161 0.921 242
23 16 141 0.949 242
23 17 168 0.906 234
23 18 108 0.846 238
23 19 152 0.924 240
23 20 153 0.931 239
23 21 148 0.924 242
23 22 123 0.936 233
23 23 145 0.939 238
23 24 165 0.978 239
23 25 161 0.921 238
23 26 96 0.973 233
23 27 134 0.927 238
23 28 146 0.946 241
23 29 120 0.941 238
23 30 62 0.928 242
23 31 151 0.918 235
23 32 164 0.938 241
23 33 160 0.948 240
23 34 42 -1.0 240
23 35 147 0.894 236
23 36 155 0.909 240
23 37 121 0.948 239
23 38 138 0.944 240
23 39 152 0.959 239
23 40 69 0.976 236
23 41 132 0.938 238
23 42 129 0.982 233
23 43 136 0.905 237
23 44 158 0.904 238
23 45 177 0.909 237
23 46 151 0.942 234
23 47 188 0.934 234
23 48 207 0.91 237
24 1 183 0.963 242
24 2 168 0.961 239
24 3 129 0.917 240
24 4 133 0.973 241
24 5 101 0.905 238
24 6 144 0.948 243
24 7 126 0.959 243
24 8 129 0.943 243
24 9 132 0.913 244
24 10 146 0.921 244
24 11 140 0.968 242
24 12 121 0.948 243
24 13 154 0.972 245
24 14 141 0.975 240
24 15 113 0.923 240
24 16 142 0.92 238
24 17 142 0.92 239
24 18 137 0.974 238
24 19 122 0.997 239
24 20 136 0.967 237
24 21 107 0.901 239
24 22 148 0.948 241
24 23 136 0.93 239
24 24 151 0.918 232
24 25 147 0.918 240
24 26 163 0.966 239
24 27 151 0.918 240
24 28 141 0.938 238
24 29 142 0.91 237
24 30 160 0.948 235
24 31 82 0.872 235
24 32 142 0.92 238
24 33 166 0.95 234
24 34 138 0.944 237
24 35 145 0.965 238
24 36 119 0.87 236
24 37 132 0.938 240
24 38 159 0.967 241
24 39 166 0.95 238
24 40 158 0.937 238
24 41 117 0.944 237
24 42 159 0.91 238
24 43 149 0.965 241
24 44 170 0.949 235
24 45 32 0.991 221
24 46 176 0.926 233
24 47 171 0.954 232
24 48 180 0.903 235
25 1 182 0.926 232
25 2 154 0.927 241
25 3 154 0.937 240
25 4 112 0.943 237
25 5 141 0.975 241
25 6 141 0.975 242
25 7 138 0.981 244
25 8 135 0.96 243
25 9 92 0.862 238
25 10 146 0.946 243
25 11 117 0.891 243
25 12 141 0.938 240
25 13 36 0.923 231
25 14 83 0.995 240
25 15 143 0.952 243
25 16 159 0.933 240
25 17 147 0.952 241
25 18 119 0.906 237
25 19 140 0.932 240
25 20 148 0.924 244
25 21 48 0.967 234
25 22 141 0.913 237
25 23 163 0.956 240
25 24 125 0.952 238
25 25 60 0.952 226
25 26 44 0.831 225
25 27 152 0.892 236
25 28 151 0.909 242
25 29 171 0.9 236
25 30 0 0.0 0
25 31 171 0.909 237
25 32 160 0.948 239
25 33 157 0.955 235
25 34 155 0.909 238
25 35 154 0.961 237
25 36 160 0.948 240
25 37 162 0.904 239
25 38 137 0.947 236
25 39 0 0.0 0
25 40 155 0.919 239
25 41 121 0.977 235
25 42 158 0.937 240
25 43 0 0.0 0
25 44 145 0.873 237
25 45 174 0.916 239
25 46 182 0.958 234
25 47 179 0.92 232
25 48 205 0.934 230
26 1 210 0.944 235
26 2 161 0.921 242
26 3 143 0.952 239
26 4 142 0.92 238
26 5 129 0.954 240
26 6 121 0.96 245
26 7 110 0.899 246
26 8 130 0.951 248
26 9 134 0.98 244
26 10 135 0.934 245
26 11 0 0.0 0
26 12 74 -1.0 240
26 13 147 0.952 241
26 14 150 0.936 250
26 15 111 0.935 238
26 16 130 0.924 243
26 17 154 0.903 242
26 18 120 0.981 234
26 19 138 0.884 236
26 20 146 0.946 243
26 21 154 0.972 243
26 22 105 0.953 234
26 23 152 0.949 237
26 24 129 0.917 240
26 25 141 0.938 236
26 26 159 0.967 236
26 27 102 0.859 235
26 28 131 0.958 236
26 29 144 0.969 237
26 30 151 0.953 234
26 31 130 0.951 237
26 32 158 0.937 239
26 33 133 0.946 234
26 34 161 0.979 239
26 35 146 0.946 237
26 36 162 0.904 238
26 37 139 0.961 236
26 38 153 0.955 239
26 39 153 0.965 241
26 40 74 0.985 231
26 41 177 0.931 236
26 42 61 0.787 235
26 43 129 0.954 235
26 44 149 0.965 236
26 45 149 0.906 231
26 46 126 0.959 233
26 47 184 0.945 234
26 48 211 0.931 230
27 1 186 0.956 238
27 2 160 0.915 238
27 3 136 0.905 244
27 4 143 0.989 241
27 5 144 0.899 245
27 6 41 0.997 242
27 7 132 0.938 242
27 8 131 0.969 245
27 9 40 0.906 243
27 10 71 0.93 245
27 11 116 0.948 240
27 12 128 0.947 240
27 13 139 0.961 244
27 14 44 0.996 242
27 15 140 0.942 243
27 16 124 0.917 245
27 17 150 0.912 242
27 18 28 -1.0 241
27 19 135 0.934 244
27 20 126 0.959 242
27 21 116 0.948 240
27 22 95 0.8 237
27 23 151 0.942 240
27 24 135 0.96 237
27 25 148 0.959 238
27 26 52 0.898 237
27 27 152 0.924 237
27 28 129 0.966 239
27 29 141 0.88 242
27 30 88 0.904 239
27 31 123 0.936 238
27 32 157 0.955 241
27 33 110 0.926 233
27 34 50 0.962 237
27 35 166 0.895 238
27 36 120 0.914 235
27 37 159 0.933 240
27 38 52 0.861 237
27 39 147 0.978 234
27 40 142 0.945 236
27 41 147 0.918 240
27 42 113 0.964 234
27 43 167 0.955 238
27 44 165 0.954 236
27 45 166 0.984 236
27 46 0 0.0 0
27 47 175 0.899 231
27 48 236 0.936 233
28 1 191 0.928 239
28 2 156 0.915 239
28 3 149 0.94 243
28 4 145 0.915 241
28 5 133 0.946 245
28 6 131 0.931 244
28 7 105 0.953 241
28 8 126 0.959 244
28 9 134 0.892 239
28 10 0 0.0 0
28 11 124 0.944 242
28 12 122 0.945 246
28 13 124 0.944 246
28 14 96 0.929 238
28 15 126 0.959 246
28 16 135 0.96 239
28 17 122 0.929 239
28 18 134 0.953 240
28 19 132 0.938 243
28 20 130 0.951 241
28 21 129 0.917 242
28 22 122 0.929 237
28 23 145 0.905 237
28 24 146 0.911 236
28 25 121 0.948 233
28 26 127 0.929 244
28 27 126 0.959 235
28 28 87 0.957 234
28 29 159 0.943 240
28 30 108 0.938 241
28 31 131 0.896 234
28 32 153 0.931 236
28 33 143 0.952 236
28 34 129 0.917 242
28 35 146 0.936 239
28 36 123 0.964 237
28 37 129 0.954 237
28 38 143 0.962 239
28 39 119 0.895 241
28 40 140 0.932 238
28 41 0 0.0 0
28 42 146 0.972 240
28 43 141 0.913 238
28 44 141 0.975 234
28 45 152 0.949 231
28 46 185 0.95 233
28 47 210 0.944 230
28 48 190 0.923 229
29 1 188 0.966 238
29 2 179 0.89 239
29 3 143 0.926 241
29 4 130 0.962 242
29 5 140 0.907 246
29 6 135 0.949 246
29 7 127 0.967 245
29 8 116 0.948 241
29 9 122 0.968 239
29 10 128 0.936 244
29 11 109 0.989 244
29 12 132 0.965 241
29 13 128 0.974 244
29 14 61 0.992 237
29 15 128 0.91 245
29 16 135 0.934 242
29 17 126 0.921 242
29 18 129 0.97 242
29 19 150 0.936 238
29 20 93 0.943 236
29 21 112 0.943 244
29 22 139 0.95 241
29 23 140 0.942 235
29 24 125 0.914 238
29 25 139 0.935 238
29 26 143 0.937 243
29 27 125 0.952 237
29 28 149 0.93 236
29 29 138 0.918 237
29 30 124 0.972 235
29 31 103 0.935 234
29 32 110 0.926 242
29 33 144 0.923 236
29 34 112 0.955 237
29 35 112 0.985 233
29 36 151 0.918 238
29 37 141 0.938 238
29 38 145 0.939 237
29 39 62 0.913 236
29 40 139 0.925 234
29 41 160 0.906 237
29 42 157 0.921 239
29 43 99 0.915 231
29 44 105 0.848 229
29 45 153 0.955 231
29 46 149 0.965 229
29 47 179 0.942 232
29 48 186 0.933 229
30 1 199 0.915 235
30 2 165 0.934 239
30 3 152 0.892 238
30 4 144 0.923 238
30 5 0 0.0 0
30 6 141 0.904 242
30 7 125 0.952 240
30 8 128 0.936 243
30 9 112 0.943 244
30 10 101 0.946 240
30 11 122 0.929 240
30 12 96 0.929 238
30 13 125 0.914 244
30 14 125 0.914 242
30 15 126 0.959 244
30 16 35 0.968 238
30 17 121 0.921 238
30 18 131 0.931 240
30 19 123 0.899 235
30 20 137 0.974 246
30 21 138 0.944 236
30 22 130 0.935 240
30 23 128 0.91 235
30 24 108 0.91 234
30 25 140 0.932 238
30 26 138 0.944 235
30 27 131 0.969 242
30 28 140 0.968 244
30 29 0 0.0 0
30 30 138 0.954 235
30 31 134 0.916 239
30 32 143 0.926 240
30 33 142 0.956 233
30 34 132 0.913 238
30 35 146 0.946 237
30 36 130 0.951 236
30 37 133 0.957 236
30 38 124 0.933 236
30 39 97 0.892 239
30 40 131 0.958 232
30 41 141 0.913 236
30 42 138 0.918 234
30 43 144 0.958 238
30 44 143 0.937 236
30 45 150 0.936 231
30 46 156 0.949 231
30 47 172 0.905 232
30 48 175 0.953 217
31 1 0 0.0 0
31 2 178 0.937 232
31 3 145 0.976 237
31 4 142 0.945 237
31 5 136 0.941 239
31 6 130 0.99 241
31 7 107 0.929 237
31 8 113 0.952 239
31 9 134 0.916 242
31 10 108 0.95 243
31 11 112 0.943 235
31 12 112 0.943 236
31 13 120 0.981 237
31 14 118 0.888 234
31 15 133 0.946 240
31 16 112 0.955 239
31 17 121 0.932 238
31 18 124 0.944 237
31 19 117 0.928 238
31 20 126 0.921 237
31 21 124 0.944 239
31 22 117 0.917 235
31 23 126 0.932 235
31 24 131 0.931 240
31 25 130 0.924 236
31 26 125 0.98 238
31 27 137 0.947 238
31 28 130 0.924 240
31 29 135 0.96 236
31 30 125 0.963 241
31 31 120 0.941 234
31 32 61 0.913 239
31 33 137 0.947 238
31 34 118 0.925 239
31 35 130 0.924 237
31 36 97 0.938 232
31 37 124 0.984 237
31 38 149 0.93 233
31 39 136 0.941 238
31 40 127 0.929 236
31 41 148 0.924 236
31 42 131 0.896 223
31 43 137 0.947 235
31 44 139 0.925 232
31 45 144 0.958 233
31 46 168 0.961 232
31 47 174 0.938 228
31 48 181 0.93 226
32 1 245 0.944 234
32 2 194 0.942 236
32 3 170 0.916 237
32 4 157 0.955 240
32 5 165 0.921 238
32 6 194 0.892 243
32 7 190 0.923 235
32 8 215 0.945 243
32 9 188 0.884 239
32 10 212 0.953 242
32 11 176 0.926 233
32 12 175 0.899 232
32 13 203 0.954 237
32 14 182 0.926 226
32 15 153 0.931 241
32 16 173 0.942 242
32 17 143 0.893 238
32 18 169 0.943 239
32 19 159 0.919 226
32 20 155 0.943 236
32 21 173 0.91 241
32 22 164 0.938 228
32 23 156 0.925 223
32 24 182 0.913 233
32 25 164 0.948 237
32 26 195 0.896 225
32 27 200 0.919 236
32 28 184 0.894 227
32 29 168 0.915 219
32 30 185 0.907 218
32 31 231 0.936 223
32 32 164 0.925 219
32 33 252 0.951 229
32 34 151 0.909 220
32 35 199 0.895 219
32 36 202 0.9 220
32 37 198 0.91 223
32 38 204 0.917 227
32 39 205 0.922 235
32 40 210 0.924 236
32 41 175 0.93 225
32 42 78 0.858 226
32 43 194 0.921 236
32 44 133 0.92 221
32 45 190 0.953 225
32 46 187 0.908 223
32 47 182 0.875 215
32 48 231 0.936 213
