row	col	colonysize	plateid	query	array	ncolonysize	score	kvp
1	1	232.5	plate.jpg.dat	1	1	551.34471680737	NA	NA
1	2	209.25	plate.jpg.dat	1	17	573.542981036727	NA	status=JK
1	3	203	plate.jpg.dat	1	33	551.553235945771	NA	NA
1	4	194.75	plate.jpg.dat	1	49	496.559900299273	NA	NA
1	5	193.25	plate.jpg.dat	1	65	487.609966244507	NA	NA
1	6	172.25	plate.jpg.dat	1	81	448.228374549752	NA	NA
1	7	176.25	plate.jpg.dat	1	97	494.839635748469	NA	status=JK
1	8	192	plate.jpg.dat	1	113	485.243655279661	NA	NA
1	9	176.5	plate.jpg.dat	1	129	487.6089368325	NA	status=JK
1	10	187.5	plate.jpg.dat	1	145	468.152976062474	NA	NA
1	11	198.25	plate.jpg.dat	1	161	487.609558599601	NA	NA
1	12	207.75	plate.jpg.dat	1	177	510.715328591664	NA	NA
1	13	213	plate.jpg.dat	1	193	509.766070103323	NA	NA
1	14	192.75	plate.jpg.dat	1	209	459.236071607883	NA	NA
1	15	208	plate.jpg.dat	1	225	508.397175020125	NA	NA
1	16	190.25	plate.jpg.dat	1	241	474.223133305919	NA	NA
1	17	193	plate.jpg.dat	1	257	532.161751569747	NA	status=JK
1	18	183	plate.jpg.dat	1	273	504.283411882	NA	NA
1	19	172.25	plate.jpg.dat	1	289	503.027976384955	NA	NA
1	20	167.25	plate.jpg.dat	1	305	491.136922199268	NA	NA
1	21	180.75	plate.jpg.dat	1	321	530.761076364759	NA	NA
1	22	192	plate.jpg.dat	1	337	607.572687164849	NA	NA
1	23	190.25	plate.jpg.dat	1	353	616.950978530864	NA	NA
1	24	211.75	plate.jpg.dat	1	369	588.782290993851	NA	NA
2	1	232	plate.jpg.dat	1	2	534.364013850821	NA	NA
2	2	201.5	plate.jpg.dat	1	18	560.137346196679	NA	NA
2	3	192.5	plate.jpg.dat	1	34	528.498649759209	NA	NA
2	4	187.5	plate.jpg.dat	1	50	499.076093876488	NA	NA
2	5	185	plate.jpg.dat	1	66	496.814387873011	NA	NA
2	6	180.5	plate.jpg.dat	1	82	502.407185197621	NA	NA
2	7	179.5	plate.jpg.dat	1	98	493.30518181018	NA	NA
2	8	185.5	plate.jpg.dat	1	114	519.809446767117	NA	status=JK
2	9	189.25	plate.jpg.dat	1	130	514.900207826433	NA	NA
2	10	194.25	plate.jpg.dat	1	146	528.310827370149	NA	status=JK
2	11	183	plate.jpg.dat	1	162	477.240312697338	NA	NA
2	12	188.75	plate.jpg.dat	1	178	465.989324540636	NA	status=JK
2	13	201.75	plate.jpg.dat	1	194	515.361583400904	NA	NA
2	14	190.75	plate.jpg.dat	1	210	486.436412915112	NA	NA
2	15	200	plate.jpg.dat	1	226	535.888860842762	NA	status=JK
2	16	195.5	plate.jpg.dat	1	242	512.563624348236	NA	NA
2	17	182	plate.jpg.dat	1	258	505.546753213562	NA	NA
2	18	139	plate.jpg.dat	1	274	397.208768711177	NA	NA
2	19	172.25	plate.jpg.dat	1	290	524.839053448089	NA	NA
2	20	159.75	plate.jpg.dat	1	306	491.492314507804	NA	NA
2	21	175.25	plate.jpg.dat	1	322	538.663650845679	NA	NA
2	22	160	plate.jpg.dat	1	338	553.902023237115	NA	status=JK
2	23	152.5	plate.jpg.dat	1	354	512.798773125531	NA	NA
2	24	160.5	plate.jpg.dat	1	370	474.381457224656	NA	NA
3	1	240.75	plate.jpg.dat	1	3	523.963424383338	NA	NA
3	2	193.25	plate.jpg.dat	1	19	488.785290896564	NA	status=JK
3	3	187.25	plate.jpg.dat	1	35	524.032569723291	NA	status=JK
3	4	151	plate.jpg.dat	1	51	404.514493076543	NA	NA
3	5	191.75	plate.jpg.dat	1	67	545.736213034893	NA	NA
3	6	177.5	plate.jpg.dat	1	83	519.029169819362	NA	NA
3	7	192.5	plate.jpg.dat	1	99	562.594068643209	NA	NA
3	8	177.5	plate.jpg.dat	1	115	500.952730231524	NA	NA
3	9	90	plate.jpg.dat	1	131	251.544641514833	NA	status=JK
3	10	159.5	plate.jpg.dat	1	147	441.899086128403	NA	NA
3	11	184.75	plate.jpg.dat	1	163	510.071996239855	NA	NA
3	12	192.25	plate.jpg.dat	1	179	546.910189378261	NA	status=JK
3	13	147.75	plate.jpg.dat	1	195	375.745545491169	NA	NA
3	14	200.25	plate.jpg.dat	1	211	553.237617354323	NA	status=JK
3	15	84.5	plate.jpg.dat	1	227	184.936105716946	NA	NA
3	16	190.25	plate.jpg.dat	1	243	517.795317872231	NA	NA
3	17	130.25	plate.jpg.dat	1	259	360.645924317486	NA	NA
3	18	181	plate.jpg.dat	1	275	537.56601954492	NA	NA
3	19	103.25	plate.jpg.dat	1	291	315.647572495402	NA	NA
3	20	151.5	plate.jpg.dat	1	307	478.627904089384	NA	NA
3	21	164.5	plate.jpg.dat	1	323	514.861262482324	NA	NA
3	22	164.25	plate.jpg.dat	1	339	548.236289199966	NA	status=JK
3	23	175.25	plate.jpg.dat	1	355	551.744933940991	NA	NA
3	24	201.25	plate.jpg.dat	1	371	530.351895818517	NA	NA
4	1	244	plate.jpg.dat	1	4	468.848630502333	NA	NA
4	2	193.75	plate.jpg.dat	1	20	464.105989144261	NA	NA
4	3	195.5	plate.jpg.dat	1	36	505.111741796416	NA	NA
4	4	105.25	plate.jpg.dat	1	52	252.035748099737	NA	NA
4	5	194.25	plate.jpg.dat	1	68	538.365907649458	NA	NA
4	6	170	plate.jpg.dat	1	84	516.39252684469	NA	status=JK
4	7	169.25	plate.jpg.dat	1	100	475.35406409968	NA	NA
4	8	184.5	plate.jpg.dat	1	116	492.976594182666	NA	status=JK
4	9	179.5	plate.jpg.dat	1	132	500.286719311077	NA	NA
4	10	192.5	plate.jpg.dat	1	148	532.082602527404	NA	NA
4	11	190.5	plate.jpg.dat	1	164	514.992735129788	NA	NA
4	12	184.5	plate.jpg.dat	1	180	489.596425600895	NA	NA
4	13	207.25	plate.jpg.dat	1	196	542.994557127482	NA	NA
4	14	207.25	plate.jpg.dat	1	212	529.968660473529	NA	status=JK
4	15	206.5	plate.jpg.dat	1	228	533.149768994021	NA	status=JK
4	16	109.5	plate.jpg.dat	1	244	254.532227578796	NA	NA
4	17	180.25	plate.jpg.dat	1	260	492.311122802007	NA	NA
4	18	187.75	plate.jpg.dat	1	276	530.934094338248	NA	NA
4	19	186.75	plate.jpg.dat	1	292	542.094044684655	NA	status=JK
4	20	120	plate.jpg.dat	1	308	354.402931449267	NA	NA
4	21	165.75	plate.jpg.dat	1	324	492.439018149316	NA	NA
4	22	178	plate.jpg.dat	1	340	522.365526334111	NA	status=JK
4	23	174.75	plate.jpg.dat	1	356	468.283602143822	NA	status=JK
4	24	222.5	plate.jpg.dat	1	372	489.025464479542	NA	status=JK
5	1	255.25	plate.jpg.dat	1	5	497.473332458856	NA	NA
5	2	203.25	plate.jpg.dat	1	21	499.742756254138	NA	NA
5	3	189.25	plate.jpg.dat	1	37	501.427943152286	NA	NA
5	4	181.75	plate.jpg.dat	1	53	503.164224128473	NA	NA
5	5	177	plate.jpg.dat	1	69	502.430805771218	NA	NA
5	6	180.75	plate.jpg.dat	1	85	532.9170482961	NA	NA
5	7	169.75	plate.jpg.dat	1	101	494.612179467546	NA	NA
5	8	171	plate.jpg.dat	1	117	498.183999518969	NA	status=JK
5	9	186.75	plate.jpg.dat	1	133	543.012407640725	NA	NA
5	10	167.5	plate.jpg.dat	1	149	475.280009440837	NA	NA
5	11	184.5	plate.jpg.dat	1	165	517.733032709947	NA	NA
5	12	187	plate.jpg.dat	1	181	518.458961245768	NA	NA
5	13	195.75	plate.jpg.dat	1	197	529.154823212684	NA	NA
5	14	168.25	plate.jpg.dat	1	213	430.772186363426	NA	status=JK
5	15	200.75	plate.jpg.dat	1	229	538.52439391681	NA	NA
5	16	199.25	plate.jpg.dat	1	245	547.531141180407	NA	status=JK
5	17	184	plate.jpg.dat	1	261	513.832550151266	NA	NA
5	18	189.25	plate.jpg.dat	1	277	525.426219789085	NA	status=JK
5	19	146.25	plate.jpg.dat	1	293	439.769228386659	NA	NA
5	20	175	plate.jpg.dat	1	309	540.901048419766	NA	NA
5	21	169	plate.jpg.dat	1	325	515.375136526655	NA	NA
5	22	183.5	plate.jpg.dat	1	341	555.618066728096	NA	NA
5	23	154.5	plate.jpg.dat	1	357	436.932962295281	NA	NA
5	24	207.5	plate.jpg.dat	1	373	477.316666417135	NA	NA
6	1	259	plate.jpg.dat	1	6	526.405804020566	NA	NA
6	2	189	plate.jpg.dat	1	22	481.855680479525	NA	NA
6	3	178.25	plate.jpg.dat	1	38	489.748840472995	NA	NA
6	4	178.25	plate.jpg.dat	1	54	505.875887078469	NA	status=JK
6	5	186.25	plate.jpg.dat	1	70	535.130889103667	NA	status=JK
6	6	147.25	plate.jpg.dat	1	86	445.570427964841	NA	NA
6	7	142	plate.jpg.dat	1	102	426.538422554126	NA	NA
6	8	94	plate.jpg.dat	1	118	266.705040091428	NA	NA
6	9	172.5	plate.jpg.dat	1	134	523.808836747137	NA	NA
6	10	163.5	plate.jpg.dat	1	150	489.883180144284	NA	NA
6	11	193.25	plate.jpg.dat	1	166	576.02556377642	NA	NA
6	12	171.75	plate.jpg.dat	1	182	500.289824436456	NA	NA
6	13	143.25	plate.jpg.dat	1	198	392.579347877484	NA	NA
6	14	141.25	plate.jpg.dat	1	214	380.866999260372	NA	NA
6	15	202.5	plate.jpg.dat	1	230	557.511940048289	NA	status=JK
6	16	178.25	plate.jpg.dat	1	246	490.089843366143	NA	NA
6	17	192.5	plate.jpg.dat	1	262	560.501805887387	NA	NA
6	18	176.75	plate.jpg.dat	1	278	504.077503453591	NA	status=JK
6	19	168.25	plate.jpg.dat	1	294	531.448625120768	NA	NA
6	20	178.25	plate.jpg.dat	1	310	549.901334592252	NA	status=JK
6	21	162.25	plate.jpg.dat	1	326	514.586733887924	NA	NA
6	22	165.5	plate.jpg.dat	1	342	519.612934262905	NA	NA
6	23	164.5	plate.jpg.dat	1	358	481.340167997727	NA	NA
6	24	230.5	plate.jpg.dat	1	374	529.404188804386	NA	status=JK
7	1	243	plate.jpg.dat	1	7	500.799844667144	NA	NA
7	2	157	plate.jpg.dat	1	23	369.714863925096	NA	status=JK
7	3	184	plate.jpg.dat	1	39	515.244522729019	NA	NA
7	4	178	plate.jpg.dat	1	55	519.661330820966	NA	NA
7	5	172.25	plate.jpg.dat	1	71	513.708892323736	NA	NA
7	6	161.75	plate.jpg.dat	1	87	498.316023186754	NA	NA
7	7	180.5	plate.jpg.dat	1	103	556.763441423499	NA	NA
7	8	170.75	plate.jpg.dat	1	119	516.895595127791	NA	NA
7	9	151.25	plate.jpg.dat	1	135	465.057891924863	NA	NA
7	10	164.5	plate.jpg.dat	1	151	522.6173439485	NA	status=JK
7	11	131.5	plate.jpg.dat	1	167	391.817106363916	NA	NA
7	12	174.25	plate.jpg.dat	1	183	522.985571760016	NA	NA
7	13	186.5	plate.jpg.dat	1	199	542.626112222767	NA	NA
7	14	185.75	plate.jpg.dat	1	215	533.502926500369	NA	NA
7	15	196.75	plate.jpg.dat	1	231	546.724594496386	NA	status=JK
7	16	201.75	plate.jpg.dat	1	247	570.469029565051	NA	NA
7	17	150.5	plate.jpg.dat	1	263	431.163283772162	NA	NA
7	18	180.5	plate.jpg.dat	1	279	544.389801171936	NA	NA
7	19	140.75	plate.jpg.dat	1	295	447.562305185978	NA	NA
7	20	162.25	plate.jpg.dat	1	311	523.509780107673	NA	status=JK
7	21	158.5	plate.jpg.dat	1	327	485.278913006428	NA	status=JK
7	22	127	plate.jpg.dat	1	343	400.881212883874	NA	NA
7	23	171.5	plate.jpg.dat	1	359	521.930142177528	NA	status=JK
7	24	220	plate.jpg.dat	1	375	521.071328172295	NA	NA
8	1	257.5	plate.jpg.dat	1	8	512.521237189456	NA	NA
8	2	191.25	plate.jpg.dat	1	24	480.020210629365	NA	NA
8	3	178.5	plate.jpg.dat	1	40	496.662896444671	NA	status=JK
8	4	168.5	plate.jpg.dat	1	56	477.913795943455	NA	status=JK
8	5	175.75	plate.jpg.dat	1	72	524.172574443424	NA	status=JK
8	6	177.75	plate.jpg.dat	1	88	531.373451606379	NA	NA
8	7	182.25	plate.jpg.dat	1	104	542.676985147901	NA	NA
8	8	189.25	plate.jpg.dat	1	120	557.824742859934	NA	NA
8	9	163.25	plate.jpg.dat	1	136	492.275624041053	NA	NA
8	10	201	plate.jpg.dat	1	152	608.534287516635	NA	NA
8	11	168.25	plate.jpg.dat	1	168	512.972240566747	NA	status=JK
8	12	176.5	plate.jpg.dat	1	184	540.068949659812	NA	status=JK
8	13	61.75	plate.jpg.dat	1	200	153.304761160736	NA	NA
8	14	176.25	plate.jpg.dat	1	216	491.657846950137	NA	NA
8	15	184.75	plate.jpg.dat	1	232	506.170845124758	NA	NA
8	16	191.75	plate.jpg.dat	1	248	524.591756445772	NA	NA
8	17	187	plate.jpg.dat	1	264	532.491174082904	NA	NA
8	18	176.75	plate.jpg.dat	1	280	516.106725709538	NA	NA
8	19	157.25	plate.jpg.dat	1	296	493.190033826055	NA	status=JK
8	20	170.5	plate.jpg.dat	1	312	516.208951774165	NA	status=JK
8	21	152.75	plate.jpg.dat	1	328	475.309976500828	NA	NA
8	22	166.25	plate.jpg.dat	1	344	510.5100540388	NA	NA
8	23	169	plate.jpg.dat	1	360	480.756242025032	NA	NA
8	24	205.75	plate.jpg.dat	1	376	495.3954450339	NA	status=JK
9	1	249.5	plate.jpg.dat	1	9	528.639089485638	NA	status=JK
9	2	188	plate.jpg.dat	1	25	494.280428148072	NA	NA
9	3	180.75	plate.jpg.dat	1	41	509.886795075912	NA	NA
9	4	186	plate.jpg.dat	1	57	550.662541609318	NA	NA
9	5	72	plate.jpg.dat	1	73	200.205326162913	NA	NA
9	6	165.25	plate.jpg.dat	1	89	518.689184396371	NA	NA
9	7	140.25	plate.jpg.dat	1	105	437.686312784021	NA	NA
9	8	159	plate.jpg.dat	1	121	525.863306922746	NA	status=JK
9	9	72.25	plate.jpg.dat	1	137	239.88366337107	NA	status=JK
9	10	155.75	plate.jpg.dat	1	153	500.764805341562	NA	NA
9	11	113.25	plate.jpg.dat	1	169	359.392777553165	NA	NA
9	12	169.5	plate.jpg.dat	1	185	530.741862656294	NA	NA
9	13	159.5	plate.jpg.dat	1	201	478.352757606988	NA	NA
9	14	171.75	plate.jpg.dat	1	217	515.50531149555	NA	status=JK
9	15	175.75	plate.jpg.dat	1	233	500.347104807332	NA	status=JK
9	16	191.75	plate.jpg.dat	1	249	540.912679111615	NA	status=JK
9	17	142	plate.jpg.dat	1	265	419.809960561876	NA	NA
9	18	174.75	plate.jpg.dat	1	281	536.529817824658	NA	NA
9	19	167.75	plate.jpg.dat	1	297	546.289204556778	NA	NA
9	20	159.75	plate.jpg.dat	1	313	536.830139128474	NA	status=JK
9	21	159.25	plate.jpg.dat	1	329	517.813578747123	NA	NA
9	22	139.5	plate.jpg.dat	1	345	481.660332325385	NA	status=JK
9	23	173	plate.jpg.dat	1	361	514.282892256437	NA	NA
9	24	222	plate.jpg.dat	1	377	524.699376121016	NA	NA
10	1	228	plate.jpg.dat	1	10	470.560644313314	NA	NA
10	2	166.25	plate.jpg.dat	1	26	433.846873517811	NA	NA
10	3	197.25	plate.jpg.dat	1	42	577.94861991322	NA	status=JK
10	4	170.25	plate.jpg.dat	1	58	502.375266477579	NA	NA
10	5	152.75	plate.jpg.dat	1	74	472.429142295573	NA	status=JK
10	6	173	plate.jpg.dat	1	90	547.70240741025	NA	NA
10	7	159.5	plate.jpg.dat	1	106	505.074111717175	NA	NA
10	8	150.25	plate.jpg.dat	1	122	545.198441135232	NA	status=JK
10	9	156.75	plate.jpg.dat	1	138	511.184635770069	NA	NA
10	10	165	plate.jpg.dat	1	154	539.218374664694	NA	NA
10	11	152	plate.jpg.dat	1	170	467.97416293479	NA	status=JK
10	12	161	plate.jpg.dat	1	186	509.905396022134	NA	NA
10	13	172.25	plate.jpg.dat	1	202	523.139607636132	NA	NA
10	14	175	plate.jpg.dat	1	218	522.754169159725	NA	NA
10	15	182.5	plate.jpg.dat	1	234	535.520578625447	NA	NA
10	16	156.75	plate.jpg.dat	1	250	452.947712630097	NA	NA
10	17	183	plate.jpg.dat	1	266	551.569284226588	NA	NA
10	18	166.75	plate.jpg.dat	1	282	509.745606898886	NA	NA
10	19	128.25	plate.jpg.dat	1	298	413.209181418512	NA	NA
10	20	164.25	plate.jpg.dat	1	314	559.934893034795	NA	status=JK
10	21	163	plate.jpg.dat	1	330	524.435500295247	NA	NA
10	22	157.25	plate.jpg.dat	1	346	500.776284206589	NA	NA
10	23	173.75	plate.jpg.dat	1	362	525.801221690759	NA	status=JK
10	24	216.25	plate.jpg.dat	1	378	507.171995080102	NA	NA
11	1	226.25	plate.jpg.dat	1	11	537.580644859264	NA	status=JK
11	2	180.25	plate.jpg.dat	1	27	530.671909922446	NA	status=JK
11	3	34.75	plate.jpg.dat	1	43	83.1428296975721	NA	NA
11	4	173.25	plate.jpg.dat	1	59	544.472063910375	NA	NA
11	5	165.75	plate.jpg.dat	1	75	537.600942766689	NA	NA
11	6	147.25	plate.jpg.dat	1	91	498.036630048993	NA	NA
11	7	167.25	plate.jpg.dat	1	107	565.419058023348	NA	NA
11	8	181.75	plate.jpg.dat	1	123	611.304933789709	NA	NA
11	9	154.75	plate.jpg.dat	1	139	540.882613526983	NA	NA
11	10	100	plate.jpg.dat	1	155	364.335989292043	NA	NA
11	11	125	plate.jpg.dat	1	171	437.089202926974	NA	NA
11	12	164.75	plate.jpg.dat	1	187	580.210287214286	NA	status=JK
11	13	171.25	plate.jpg.dat	1	203	578.304052168164	NA	status=JK
11	14	172	plate.jpg.dat	1	219	548.731952513206	NA	NA
11	15	147.25	plate.jpg.dat	1	235	443.64640207141	NA	status=JK
11	16	150.5	plate.jpg.dat	1	251	463.603552032736	NA	NA
11	17	169.5	plate.jpg.dat	1	267	555.901396000997	NA	status=JK
11	18	153.75	plate.jpg.dat	1	283	491.644783110411	NA	NA
11	19	149.75	plate.jpg.dat	1	299	502.71768142319	NA	NA
11	20	107.5	plate.jpg.dat	1	315	366.047031247906	NA	NA
11	21	158.5	plate.jpg.dat	1	331	531.425764479182	NA	NA
11	22	125.5	plate.jpg.dat	1	347	406.807337415284	NA	status=JK
11	23	143.5	plate.jpg.dat	1	363	444.318499092929	NA	NA
11	24	211.25	plate.jpg.dat	1	379	518.901989512766	NA	NA
12	1	236	plate.jpg.dat	1	12	500.384258482854	NA	NA
12	2	189.5	plate.jpg.dat	1	28	518.087360222856	NA	NA
12	3	175.75	plate.jpg.dat	1	44	533.28219617249	NA	status=JK
12	4	174.75	plate.jpg.dat	1	60	537.00038960464	NA	NA
12	5	152	plate.jpg.dat	1	76	484.478989628195	NA	NA
12	6	173	plate.jpg.dat	1	92	591.242784515142	NA	status=JK
12	7	145.75	plate.jpg.dat	1	108	486.362602356763	NA	NA
12	8	145.75	plate.jpg.dat	1	124	477.643168296855	NA	status=JK
12	9	138.75	plate.jpg.dat	1	140	479.061130316824	NA	NA
12	10	143	plate.jpg.dat	1	156	492.862150238229	NA	NA
12	11	178.5	plate.jpg.dat	1	172	592.372775069164	NA	NA
12	12	144	plate.jpg.dat	1	188	478.751594643755	NA	NA
12	13	0	plate.jpg.dat	1	204	19.6916678745761	NA	NA
12	14	157	plate.jpg.dat	1	220	469.935471958703	NA	status=JK
12	15	165	plate.jpg.dat	1	236	504.244586782841	NA	NA
12	16	158.5	plate.jpg.dat	1	252	476.010003851095	NA	NA
12	17	169.25	plate.jpg.dat	1	268	519.944482965606	NA	NA
12	18	170.75	plate.jpg.dat	1	284	525.600822335638	NA	NA
12	19	168.25	plate.jpg.dat	1	300	539.166440155079	NA	NA
12	20	168	plate.jpg.dat	1	316	541.820811036448	NA	NA
12	21	170.5	plate.jpg.dat	1	332	542.382694166569	NA	NA
12	22	137	plate.jpg.dat	1	348	433.362991289364	NA	NA
12	23	172.5	plate.jpg.dat	1	364	505.30453385313	NA	NA
12	24	198	plate.jpg.dat	1	380	488.082469758828	NA	status=JK
13	1	215	plate.jpg.dat	1	13	494.342745945772	NA	NA
13	2	139.75	plate.jpg.dat	1	29	415.067300990269	NA	NA
13	3	165.75	plate.jpg.dat	1	45	538.601607443857	NA	status=JK
13	4	72.75	plate.jpg.dat	1	61	246.864729614106	NA	NA
13	5	156.75	plate.jpg.dat	1	77	533.66702221173	NA	NA
13	6	147.75	plate.jpg.dat	1	93	525.103484973177	NA	NA
13	7	138.5	plate.jpg.dat	1	109	493.324892604874	NA	NA
13	8	148.25	plate.jpg.dat	1	125	519.104063047166	NA	NA
13	9	100.5	plate.jpg.dat	1	141	381.06574345315	NA	NA
13	10	107.25	plate.jpg.dat	1	157	401.710859930256	NA	NA
13	11	108.5	plate.jpg.dat	1	173	397.623376244521	NA	NA
13	12	149	plate.jpg.dat	1	189	521.689885462307	NA	NA
13	13	171.25	plate.jpg.dat	1	205	572.724372124435	NA	NA
13	14	171.5	plate.jpg.dat	1	221	567.88371030091	NA	NA
13	15	138.5	plate.jpg.dat	1	237	452.888458102454	NA	NA
13	16	173	plate.jpg.dat	1	253	548.948902800718	NA	NA
13	17	145.75	plate.jpg.dat	1	269	472.236972631417	NA	NA
13	18	164	plate.jpg.dat	1	285	528.752686582617	NA	NA
13	19	163.25	plate.jpg.dat	1	301	544.859723019616	NA	NA
13	20	166	plate.jpg.dat	1	317	555.907323095654	NA	NA
13	21	154.75	plate.jpg.dat	1	333	510.27364068099	NA	NA
13	22	147.75	plate.jpg.dat	1	349	477.146084988178	NA	status=JK
13	23	169.25	plate.jpg.dat	1	365	519.953438688045	NA	NA
13	24	215.75	plate.jpg.dat	1	381	507.212427937714	NA	status=JK
14	1	212.75	plate.jpg.dat	1	14	538.666648369579	NA	NA
14	2	159.5	plate.jpg.dat	1	30	497.196045728719	NA	status=JK
14	3	139.25	plate.jpg.dat	1	46	512.494021184468	NA	status=JK
14	4	150	plate.jpg.dat	1	62	513.906426142638	NA	NA
14	5	153	plate.jpg.dat	1	78	538.538387532467	NA	NA
14	6	125.5	plate.jpg.dat	1	94	469.456835920249	NA	NA
14	7	152	plate.jpg.dat	1	110	580.652984906561	NA	status=JK
14	8	146.25	plate.jpg.dat	1	126	523.416857041556	NA	NA
14	9	133.75	plate.jpg.dat	1	142	572.394700706089	NA	status=JK
14	10	112.25	plate.jpg.dat	1	158	424.786355876991	NA	NA
14	11	149.5	plate.jpg.dat	1	174	536.061027719688	NA	NA
14	12	139.5	plate.jpg.dat	1	190	503.984133979121	NA	NA
14	13	102.25	plate.jpg.dat	1	206	372.88398108392	NA	NA
14	14	134.75	plate.jpg.dat	1	222	471.274021724584	NA	NA
14	15	137.5	plate.jpg.dat	1	238	469.18985091737	NA	NA
14	16	169.25	plate.jpg.dat	1	254	552.951669960639	NA	NA
14	17	98.25	plate.jpg.dat	1	270	316.685496266452	NA	status=JK
14	18	166.75	plate.jpg.dat	1	286	533.918477799119	NA	status=JK
14	19	167	plate.jpg.dat	1	302	563.515241142302	NA	NA
14	20	125.5	plate.jpg.dat	1	318	432.53484317105	NA	status=JK
14	21	124	plate.jpg.dat	1	334	413.856099173637	NA	NA
14	22	169.25	plate.jpg.dat	1	350	565.097470034637	NA	NA
14	23	157.25	plate.jpg.dat	1	366	517.057250316595	NA	NA
14	24	195	plate.jpg.dat	1	382	524.93987460376	NA	NA
15	1	191.25	plate.jpg.dat	1	15	512.119888272527	NA	NA
15	2	173.25	plate.jpg.dat	1	31	575.460470526453	NA	NA
15	3	137.25	plate.jpg.dat	1	47	477.448193804382	NA	NA
15	4	144.25	plate.jpg.dat	1	63	490.161305158769	NA	NA
15	5	139.25	plate.jpg.dat	1	79	482.893655317992	NA	NA
15	6	116.75	plate.jpg.dat	1	95	451.471538622074	NA	status=JK
15	7	137	plate.jpg.dat	1	111	488.42567042283	NA	NA
15	8	143	plate.jpg.dat	1	127	513.551501803547	NA	status=JK
15	9	140	plate.jpg.dat	1	143	493.859592762418	NA	NA
15	10	159	plate.jpg.dat	1	159	545.217945086549	NA	NA
15	11	165	plate.jpg.dat	1	175	557.228276881929	NA	NA
15	12	141.25	plate.jpg.dat	1	191	456.231222240111	NA	status=JK
15	13	166.25	plate.jpg.dat	1	207	555.359022751304	NA	NA
15	14	147.5	plate.jpg.dat	1	223	502.735014081664	NA	NA
15	15	134.5	plate.jpg.dat	1	239	455.998656068981	NA	NA
15	16	143	plate.jpg.dat	1	255	464.352062714027	NA	NA
15	17	158.75	plate.jpg.dat	1	271	512.788112038647	NA	NA
15	18	146	plate.jpg.dat	1	287	465.400723528899	NA	NA
15	19	160	plate.jpg.dat	1	303	531.847200109078	NA	status=JK
15	20	152.75	plate.jpg.dat	1	319	490.454457091841	NA	NA
15	21	188.5	plate.jpg.dat	1	335	593.003039731358	NA	NA
15	22	159.5	plate.jpg.dat	1	351	529.70190402258	NA	NA
15	23	163	plate.jpg.dat	1	367	556.078239479438	NA	status=JK
15	24	185.5	plate.jpg.dat	1	383	524.114284111814	NA	NA
16	1	233.5	plate.jpg.dat	1	16	603.346020949457	NA	status=JK
16	2	208.75	plate.jpg.dat	1	32	625.30920872934	NA	NA
16	3	185.25	plate.jpg.dat	1	48	573.82409344229	NA	NA
16	4	178.25	plate.jpg.dat	1	64	514.236567109706	NA	status=JK
16	5	166	plate.jpg.dat	1	80	501.885586008655	NA	NA
16	6	170.75	plate.jpg.dat	1	96	535.72833384889	NA	NA
16	7	154	plate.jpg.dat	1	112	518.356777206733	NA	status=JK
16	8	150.5	plate.jpg.dat	1	128	473.234825717012	NA	status=JK
16	9	138.75	plate.jpg.dat	1	144	437.228931761234	NA	NA
16	10	158.5	plate.jpg.dat	1	160	490.005632780442	NA	NA
16	11	157.25	plate.jpg.dat	1	176	482.977955581943	NA	NA
16	12	135	plate.jpg.dat	1	192	426.972432004578	NA	NA
16	13	156.25	plate.jpg.dat	1	208	446.651753695961	NA	status=JK
16	14	138	plate.jpg.dat	1	224	420.641977417598	NA	status=JK
16	15	139.25	plate.jpg.dat	1	240	411.087411094743	NA	status=JK
16	16	161.75	plate.jpg.dat	1	256	478.498305438139	NA	NA
16	17	176.75	plate.jpg.dat	1	272	508.92284906365	NA	NA
16	18	183.5	plate.jpg.dat	1	288	512.776713566733	NA	NA
16	19	189.75	plate.jpg.dat	1	304	536.270001436602	NA	NA
16	20	180.75	plate.jpg.dat	1	320	507.797477235822	NA	NA
16	21	190.25	plate.jpg.dat	1	336	542.350419959083	NA	status=JK
16	22	188.5	plate.jpg.dat	1	352	563.613707138494	NA	NA
16	23	182	plate.jpg.dat	1	368	565.206584863656	NA	NA
16	24	236.5	plate.jpg.dat	1	384	622.453454909621	NA	status=JK
