#row  column  size-1  circ-1  MedInt-1
1 1 324 0.946 225
1 2 239 0.921 223
1 3 232 0.912 223
1 4 215 0.937 226
1 5 211 0.94 232
1 6 218 0.902 234
1 7 183 0.909 231
1 8 191 0.907 233
1 9 220 0.959 235
1 10 184 0.885 232
1 11 205 0.942 232
1 12 177 0.941 235
1 13 160 0.902 231
1 14 180 0.925 235
1 15 189 0.918 235
1 16 183 0.889 238
1 17 168 0.915 234
1 18 205 0.913 234
1 19 194 0.921 232
1 20 205 0.951 235
1 21 218 0.938 232
1 22 225 0.931 229
1 23 228 0.916 229
1 24 241 0.91 228
1 25 226 0.915 226
1 26 242 0.895 228
1 27 258 0.928 230
1 28 242 0.895 227
1 29 239 0.921 226
1 30 252 0.932 227
1 31 219 0.914 226
1 32 247 0.952 227
1 33 233 0.89 228
1 34 232 0.912 226
1 35 217 0.925 228
1 36 199 0.944 230
1 37 195 0.905 231
1 38 213 0.928 233
1 39 165 0.944 234
1 40 166 0.936 233
1 41 184 0.945 232
1 42 200 0.94 231
1 43 181 0.908 231
1 44 188 0.934 226
1 45 216 0.894 224
1 46 211 0.92 216
1 47 230 0.886 215
1 48 278 0.911 222
2 1 235 0.924 216
2 2 134 0.859 216
2 3 190 0.893 227
2 4 193 0.928 232
2 5 184 0.914 233
2 6 162 0.917 234
2 7 197 0.926 239
2 8 149 0.874 231
2 9 183 0.963 236
2 10 193 0.92 238
2 11 162 0.927 234
2 12 162 0.895 230
2 13 180 0.903 231
2 14 171 0.922 240
2 15 183 0.94 235
2 16 172 0.927 238
2 17 184 0.968 235
2 18 181 0.921 235
2 19 176 0.866 236
2 20 155 0.887 235
2 21 184 0.894 237
2 22 185 0.911 236
2 23 185 0.941 233
2 24 176 0.887 233
2 25 181 0.93 232
2 26 171 0.922 232
2 27 186 0.933 231
2 28 180 0.925 231
2 29 160 0.862 226
2 30 200 0.94 235
2 31 182 0.926 233
2 32 181 0.952 230
2 33 182 0.884 232
2 34 190 0.923 235
2 35 174 0.916 235
2 36 170 0.845 236
2 37 160 0.948 234
2 38 165 0.954 237
2 39 139 0.845 237
2 40 161 0.921 235
2 41 157 0.898 236
2 42 149 0.906 236
2 43 169 0.943 234
2 44 148 0.868 227
2 45 151 0.918 232
2 46 151 0.918 230
2 47 141 0.848 226
2 48 208 0.927 222
3 1 256 0.895 229
3 2 202 0.929 227
3 3 215 0.917 229
3 4 187 0.929 227
3 5 167 0.922 232
3 6 183 0.94 239
3 7 169 0.967 234
3 8 183 0.918 227
3 9 177 0.954 238
3 10 195 0.917 241
3 11 180 0.947 242
3 12 155 0.865 237
3 13 183 0.918 233
3 14 189 0.889 243
3 15 190 0.944 241
3 16 195 0.929 235
3 17 168 0.915 237
3 18 195 0.888 242
3 19 151 0.886 234
3 20 176 0.935 240
3 21 195 0.896 238
3 22 174 0.938 238
3 23 195 0.947 235
3 24 159 0.857 232
3 25 184 0.927 236
3 26 199 0.923 237
3 27 186 0.924 234
3 28 185 0.941 233
3 29 189 0.918 229
3 30 183 0.931 228
3 31 186 0.924 234
3 32 166 0.873 231
3 33 187 0.951 237
3 34 181 0.93 238
3 35 138 0.929 235
3 36 144 0.958 235
3 37 153 0.921 235
3 38 171 0.87 241
3 39 150 0.972 240
3 40 163 0.932 239
3 41 172 0.95 242
3 42 154 0.872 238
3 43 163 0.932 238
3 44 173 0.956 236
3 45 135 0.949 228
3 46 160 0.884 228
3 47 180 0.866 227
3 48 157 0.826 227
4 1 248 0.91 230
4 2 208 0.906 232
4 3 209 0.891 236
4 4 195 0.947 242
4 5 187 0.917 241
4 6 203 0.933 243
4 7 176 0.949 239
4 8 191 0.928 242
4 9 178 0.915 242
4 10 176 0.875 241
4 11 192 0.924 243
4 12 180 0.947 238
4 13 183 0.909 242
4 14 188 0.934 239
4 15 191 0.898 242
4 16 187 0.929 241
4 17 185 0.898 242
4 18 197 0.878 241
4 19 192 0.932 237
4 20 187 0.92 236
4 21 190 0.923 243
4 22 186 0.956 232
4 23 185 0.928 238
4 24 193 0.937 237
4 25 206 0.918 236
4 26 190 0.923 235
4 27 187 0.908 235
4 28 191 0.862 240
4 29 202 0.846 232
4 30 201 0.868 235
4 31 178 0.915 234
4 32 184 0.923 237
4 33 172 0.936 237
4 34 177 0.901 241
4 35 134 0.953 234
4 36 150 0.936 237
4 37 160 0.893 236
4 38 142 0.854 239
4 39 187 0.929 244
4 40 157 0.941 239
4 41 173 0.956 242
4 42 159 0.91 238
4 43 134 0.916 236
4 44 169 0.933 240
4 45 152 0.949 235
4 46 150 0.936 231
4 47 176 0.935 230
4 48 168 0.875 231
5 1 258 0.92 233
5 2 219 0.926 233
5 3 193 0.852 237
5 4 196 0.943 237
5 5 179 0.942 242
5 6 169 0.967 237
5 7 150 0.936 235
5 8 140 0.932 232
5 9 187 0.92 245
5 10 181 0.952 242
5 11 174 0.907 238
5 12 164 0.938 234
5 13 191 0.907 242
5 14 193 0.907 242
5 15 171 0.922 241
5 16 166 0.853 239
5 17 43 0.909 224
5 18 105 0.912 228
5 19 153 0.907 235
5 20 149 0.906 232
5 21 158 0.927 234
5 22 157 0.826 235
5 23 191 0.949 240
5 24 182 0.935 238
5 25 148 0.914 234
5 26 144 0.933 233
5 27 196 0.901 236
5 28 211 0.94 239
5 29 44 0.847 218
5 30 32 -1.0 214
5 31 163 0.956 236
5 32 153 0.854 235
5 33 130 0.924 233
5 34 120 0.877 230
5 35 171 0.954 237
5 36 164 0.884 238
5 37 96 0.911 234
5 38 131 0.906 237
5 39 162 0.904 237
5 40 141 0.949 237
5 41 141 0.913 240
5 42 165 0.944 238
5 43 170 0.916 238
5 44 161 0.898 240
5 45 155 0.909 231
5 46 186 0.903 237
5 47 194 0.933 236
5 48 204 0.897 235
6 1 274 0.897 236
6 2 229 0.908 239
6 3 195 0.917 240
6 4 202 0.929 242
6 5 187 0.961 242
6 6 192 0.903 241
6 7 144 0.933 238
6 8 155 0.943 237
6 9 180 0.938 242
6 10 187 0.92 243
6 11 188 0.956 240
6 12 162 0.95 238
6 13 191 0.919 244
6 14 182 0.926 239
6 15 178 0.876 242
6 16 177 0.931 243
6 17 82 0.793 231
6 18 91 0.922 231
6 19 147 0.928 236
6 20 148 0.934 234
6 21 153 0.854 237
6 22 147 0.952 234
6 23 178 0.873 239
6 24 196 0.943 242
6 25 150 0.903 231
6 26 151 0.918 234
6 27 201 0.924 239
6 28 210 0.965 241
6 29 36 0.996 216
6 30 40 0.862 221
6 31 156 0.915 235
6 32 153 0.965 235
6 33 116 0.909 231
6 34 115 0.969 230
6 35 178 0.959 239
6 36 156 0.915 240
6 37 104 0.876 235
6 38 116 0.948 233
6 39 152 0.901 236
6 40 130 0.962 237
6 41 157 0.846 240
6 42 168 0.961 242
6 43 146 0.921 238
6 44 157 0.921 240
6 45 167 0.9 239
6 46 178 0.915 238
6 47 203 0.904 239
6 48 241 0.936 233
7 1 289 0.947 237
7 2 228 0.924 240
7 3 215 0.917 239
7 4 189 0.909 239
7 5 196 0.922 242
7 6 201 0.945 238
7 7 125 0.952 238
7 8 114 0.904 235
7 9 192 0.903 242
7 10 189 0.909 242
7 11 155 0.856 235
7 12 199 0.936 239
7 13 162 0.904 241
7 14 153 0.931 243
7 15 188 0.904 244
7 16 157 0.907 239
7 17 198 0.91 244
7 18 186 0.979 243
7 19 193 0.916 243
7 20 188 0.943 244
7 21 189 0.909 242
7 22 189 0.918 242
7 23 191 0.898 240
7 24 183 0.901 237
7 25 207 0.91 241
7 26 204 0.959 237
7 27 196 0.922 241
7 28 201 0.945 236
7 29 217 0.925 239
7 30 201 0.924 239
7 31 102 0.886 229
7 32 107 0.929 232
7 33 190 0.944 240
7 34 191 0.907 241
7 35 184 0.894 241
7 36 186 0.883 240
7 37 191 0.928 240
7 38 184 0.945 235
7 39 117 0.917 237
7 40 123 0.964 236
7 41 173 0.901 237
7 42 186 0.924 242
7 43 168 0.928 242
7 44 160 0.915 243
7 45 161 0.8 240
7 46 199 0.944 243
7 47 203 0.893 238
7 48 220 0.891 237
8 1 280 0.907 239
8 2 227 0.939 241
8 3 208 0.927 243
8 4 178 0.927 241
8 5 189 0.909 241
8 6 193 0.907 242
8 7 99 0.971 235
8 8 102 0.897 231
8 9 184 0.894 239
8 10 188 0.956 241
8 11 173 0.965 239
8 12 158 0.961 237
8 13 172 0.95 241
8 14 146 0.972 239
8 15 183 0.889 242
8 16 176 0.904 244
8 17 176 0.958 242
8 18 183 0.94 243
8 19 180 0.895 242
8 20 184 0.945 241
8 21 191 0.958 242
8 22 184 0.959 241
8 23 183 0.909 238
8 24 187 0.929 239
8 25 195 0.947 240
8 26 205 0.922 239
8 27 195 0.896 240
8 28 203 0.933 239
8 29 203 0.933 236
8 30 203 0.925 239
8 31 96 0.941 230
8 32 93 0.988 231
8 33 188 0.934 238
8 34 187 0.899 239
8 35 190 0.944 240
8 36 183 0.88 238
8 37 185 0.919 238
8 38 185 0.911 240
8 39 107 0.971 233
8 40 103 0.935 231
8 41 190 0.902 239
8 42 179 0.942 237
8 43 169 0.911 242
8 44 156 0.949 239
8 45 185 0.919 242
8 46 200 0.94 240
8 47 216 0.913 238
8 48 235 0.952 235
9 1 276 0.921 239
9 2 234 0.901 242
9 3 204 0.959 235
9 4 194 0.964 241
9 5 184 0.945 243
9 6 180 0.947 244
9 7 183 0.963 240
9 8 183 0.94 244
9 9 167 0.932 241
9 10 171 0.882 242
9 11 185 0.941 237
9 12 199 0.923 244
9 13 168 0.906 242
9 14 182 0.905 242
9 15 149 0.94 236
9 16 151 0.928 233
9 17 192 0.932 243
9 18 183 0.889 242
9 19 197 0.948 242
9 20 173 0.889 243
9 21 191 0.928 240
9 22 176 0.875 241
9 23 185 0.89 242
9 24 184 0.936 240
9 25 203 0.933 235
9 26 181 0.93 238
9 27 169 0.943 233
9 28 162 0.904 231
9 29 206 0.947 237
9 30 200 0.919 237
9 31 211 0.911 238
9 32 206 0.898 239
9 33 177 0.954 234
9 34 185 0.95 240
9 35 186 0.895 239
9 36 202 0.95 240
9 37 141 0.938 238
9 38 144 0.933 234
9 39 166 0.917 241
9 40 175 0.943 241
9 41 173 0.932 242
9 42 162 0.917 236
9 43 181 0.9 241
9 44 179 0.942 242
9 45 153 0.921 238
9 46 143 0.916 235
9 47 203 0.933 239
9 48 237 0.952 241
10 1 268 0.927 240
10 2 224 0.907 238
10 3 205 0.922 236
10 4 183 0.963 237
10 5 187 0.938 242
10 6 184 0.968 243
10 7 176 0.895 243
10 8 161 0.912 240
10 9 176 0.935 243
10 10 181 0.952 239
10 11 177 0.922 238
10 12 184 0.945 243
10 13 187 0.929 245
10 14 192 0.954 244
10 15 157 0.945 237
10 16 141 0.89 236
10 17 203 0.954 240
10 18 184 0.968 240
10 19 165 0.934 241
10 20 173 0.932 241
10 21 196 0.952 239
10 22 178 0.959 235
10 23 192 0.894 243
10 24 189 0.939 240
10 25 188 0.934 239
10 26 188 0.934 239
10 27 167 0.922 230
10 28 166 0.895 231
10 29 205 0.942 238
10 30 198 0.91 236
10 31 199 0.915 235
10 32 198 0.931 237
10 33 187 0.929 239
10 34 180 0.97 239
10 35 173 0.932 236
10 36 188 0.934 239
10 37 141 0.938 233
10 38 133 0.984 231
10 39 173 0.91 240
10 40 173 0.932 242
10 41 174 0.938 241
10 42 162 0.927 240
10 43 165 0.944 239
10 44 164 0.854 240
10 45 134 0.892 234
10 46 149 0.906 238
10 47 196 0.913 235
10 48 252 0.924 236
11 1 283 0.92 238
11 2 225 0.951 242
11 3 199 0.944 242
11 4 193 0.928 242
11 5 195 0.925 245
11 6 177 0.931 243
11 7 182 0.926 243
11 8 166 0.917 242
11 9 166 0.95 241
11 10 200 0.94 238
11 11 135 0.898 239
11 12 153 0.907 239
11 13 137 -1.0 237
11 14 122 0.929 233
11 15 99 0.958 237
11 16 92 0.846 231
11 17 182 0.913 243
11 18 183 0.931 242
11 19 176 0.926 242
11 20 153 0.875 237
11 21 194 0.942 242
11 22 187 0.951 238
11 23 173 0.932 237
11 24 180 0.947 239
11 25 126 0.896 231
11 26 149 0.965 232
11 27 137 0.947 233
11 28 142 0.945 235
11 29 189 0.918 236
11 30 201 0.924 235
11 31 182 0.926 237
11 32 176 0.949 231
11 33 191 0.949 238
11 34 182 0.875 236
11 35 189 0.889 240
11 36 177 0.88 240
11 37 178 0.959 239
11 38 180 0.97 235
11 39 170 0.916 239
11 40 160 0.893 239
11 41 161 0.921 239
11 42 160 0.906 238
11 43 171 0.944 241
11 44 164 0.938 242
11 45 168 0.924 239
11 46 168 0.863 238
11 47 201 0.945 235
11 48 240 0.925 239
12 1 296 0.903 242
12 2 223 0.931 239
12 3 200 0.899 242
12 4 191 0.928 245
12 5 176 0.926 239
12 6 177 0.931 243
12 7 182 0.958 243
12 8 182 0.958 242
12 9 178 0.906 243
12 10 165 0.911 243
12 11 140 0.968 239
12 12 132 0.949 234
12 13 143 0.87 241
12 14 144 0.933 239
12 15 105 0.941 234
12 16 108 0.95 236
12 17 181 0.871 244
12 18 169 0.943 243
12 19 151 0.928 239
12 20 174 0.929 243
12 21 208 0.915 241
12 22 187 0.908 240
12 23 192 0.903 243
12 24 179 0.942 240
12 25 145 0.976 233
12 26 146 0.911 233
12 27 130 0.962 234
12 28 128 0.91 233
12 29 193 0.916 236
12 30 192 0.924 233
12 31 189 0.93 237
12 32 191 0.919 238
12 33 192 0.903 234
12 34 182 0.935 239
12 35 176 0.958 236
12 36 173 0.88 240
12 37 174 0.916 237
12 38 183 0.94 238
12 39 167 0.87 238
12 40 163 0.91 236
12 41 160 0.948 241
12 42 151 0.918 240
12 43 169 0.967 237
12 44 162 0.917 240
12 45 172 0.95 242
12 46 182 0.926 238
12 47 217 0.898 239
12 48 210 0.88 239
13 1 281 0.92 237
13 2 229 0.92 242
13 3 131 0.906 234
13 4 128 0.91 237
13 5 178 0.915 243
13 6 181 0.952 243
13 7 173 0.956 243
13 8 177 0.954 243
13 9 189 0.918 244
13 10 172 0.905 241
13 11 165 0.921 236
13 12 177 0.922 243
13 13 178 0.937 243
13 14 176 0.875 239
13 15 166 0.917 238
13 16 152 0.924 237
13 17 131 0.931 239
13 18 137 0.947 238
13 19 160 0.893 239
13 20 158 0.882 241
13 21 87 0.912 230
13 22 85 0.811 228
13 23 190 0.923 241
13 24 167 0.932 240
13 25 173 0.956 239
13 26 182 0.935 240
13 27 194 0.942 237
13 28 194 0.942 239
13 29 195 0.917 235
13 30 189 0.909 232
13 31 195 0.925 235
13 32 204 0.938 235
13 33 155 0.919 233
13 34 134 0.906 234
13 35 185 0.941 235
13 36 172 0.936 236
13 37 151 0.928 231
13 38 160 0.948 237
13 39 186 0.924 240
13 40 165 0.921 238
13 41 167 0.9 240
13 42 163 0.956 239
13 43 134 0.964 235
13 44 150 0.903 239
13 45 161 0.898 238
13 46 200 0.94 240
13 47 210 0.944 238
13 48 196 0.881 238
14 1 271 0.878 239
14 2 228 0.904 238
14 3 129 0.917 234
14 4 145 0.851 237
14 5 178 0.906 243
14 6 176 0.958 239
14 7 182 0.926 243
14 8 169 0.933 237
14 9 164 0.863 243
14 10 167 0.922 239
14 11 164 0.863 241
14 12 174 0.938 244
14 13 170 0.958 244
14 14 183 0.94 242
14 15 143 0.962 235
14 16 176 0.949 238
14 17 125 0.914 238
14 18 119 0.973 236
14 19 183 0.901 243
14 20 162 0.904 243
14 21 100 0.949 232
14 22 100 0.949 233
14 23 178 0.937 241
14 24 188 0.934 242
14 25 193 0.959 238
14 26 192 0.954 237
14 27 181 0.93 239
14 28 183 0.94 236
14 29 189 0.939 236
14 30 195 0.947 234
14 31 198 0.902 233
14 32 194 0.933 233
14 33 162 0.917 226
14 34 146 0.865 229
14 35 178 0.906 236
14 36 168 0.951 236
14 37 155 0.919 234
14 38 156 0.949 235
14 39 155 0.943 237
14 40 160 0.862 237
14 41 158 0.927 238
14 42 165 0.889 240
14 43 153 0.907 237
14 44 130 0.924 235
14 45 189 0.918 242
14 46 181 0.93 239
14 47 196 0.913 239
14 48 253 0.878 239
15 1 277 0.925 242
15 2 255 0.91 239
15 3 194 0.955 243
15 4 194 0.912 242
15 5 178 0.937 244
15 6 161 0.898 242
15 7 162 0.936 240
15 8 161 0.921 240
15 9 172 0.96 244
15 10 176 0.926 240
15 11 178 0.959 242
15 12 184 0.945 242
15 13 169 0.911 244
15 14 171 0.931 243
15 15 168 0.924 239
15 16 181 0.921 241
15 17 184 0.923 243
15 18 154 0.913 241
15 19 196 0.93 238
15 20 176 0.926 238
15 21 163 0.956 240
15 22 161 0.898 238
15 23 170 0.916 235
15 24 168 0.875 236
15 25 53 0.957 223
15 26 58 0.943 222
15 27 183 0.918 238
15 28 185 0.95 237
15 29 182 0.958 237
15 30 192 0.903 239
15 31 196 0.913 232
15 32 201 0.924 236
15 33 191 0.949 234
15 34 174 0.916 234
15 35 181 0.921 236
15 36 175 0.899 238
15 37 156 0.939 235
15 38 151 0.918 236
15 39 139 0.925 234
15 40 174 0.916 241
15 41 146 0.888 239
15 42 149 0.965 237
15 43 183 0.953 241
15 44 163 0.932 240
15 45 152 0.924 240
15 46 172 0.927 237
15 47 212 0.924 239
15 48 222 0.891 237
16 1 274 0.915 235
16 2 219 0.926 239
16 3 195 0.908 243
16 4 188 0.925 240
16 5 174 0.929 243
16 6 186 0.924 240
16 7 152 0.934 239
16 8 163 0.932 238
16 9 177 0.922 244
16 10 161 0.931 244
16 11 180 0.925 241
16 12 177 0.954 243
16 13 166 0.94 243
16 14 172 0.927 243
16 15 185 0.973 243
16 16 201 0.904 244
16 17 168 0.915 242
16 18 159 0.9 242
16 19 186 0.916 239
16 20 198 0.931 239
16 21 177 0.901 239
16 22 166 0.959 241
16 23 157 0.955 233
16 24 161 0.921 232
16 25 63 0.844 228
16 26 36 0.903 215
16 27 180 0.916 236
16 28 181 0.921 234
16 29 180 0.925 237
16 30 184 0.936 236
16 31 193 0.937 235
16 32 197 0.935 232
16 33 184 0.914 240
16 34 186 0.916 238
16 35 172 0.927 235
16 36 177 0.901 237
16 37 167 0.932 237
16 38 159 0.91 237
16 39 159 0.887 238
16 40 147 0.918 237
16 41 160 0.884 234
16 42 161 0.889 239
16 43 170 0.949 240
16 44 173 0.932 237
16 45 169 0.943 239
16 46 170 0.903 237
16 47 181 0.891 234
16 48 244 0.913 235
17 1 259 0.888 238
17 2 230 0.905 239
17 3 188 0.925 240
17 4 180 0.947 240
17 5 184 0.936 246
17 6 185 0.941 245
17 7 190 0.935 242
17 8 182 0.926 239
17 9 94 0.953 231
17 10 84 0.957 232
17 11 165 0.944 241
17 12 156 0.915 241
17 13 143 0.86 237
17 14 136 0.827 233
17 15 183 0.909 242
17 16 183 0.94 241
17 17 89 0.933 235
17 18 77 -1.0 230
17 19 143 0.952 241
17 20 165 0.954 242
17 21 126 0.932 236
17 22 103 0.867 232
17 23 162 0.927 236
17 24 168 0.928 240
17 25 176 0.958 242
17 26 181 0.976 237
17 27 171 0.9 235
17 28 168 0.937 236
17 29 184 0.927 239
17 30 185 0.95 236
17 31 182 0.958 235
17 32 191 0.972 237
17 33 123 0.964 229
17 34 76 0.944 225
17 35 161 0.839 235
17 36 182 0.905 238
17 37 171 0.944 236
17 38 159 0.943 236
17 39 165 0.944 239
17 40 165 0.921 238
17 41 151 0.953 234
17 42 163 0.9 235
17 43 163 0.9 238
17 44 156 0.925 237
17 45 174 0.916 236
17 46 154 0.947 238
17 47 218 0.95 238
17 48 207 0.814 235
18 1 279 0.897 240
18 2 225 0.911 239
18 3 202 0.95 243
18 4 190 0.944 238
18 5 185 0.95 246
18 6 167 0.932 242
18 7 179 0.911 233
18 8 184 0.914 242
18 9 81 0.936 230
18 10 90 0.9 233
18 11 165 0.944 239
18 12 167 0.87 240
18 13 151 0.886 239
18 14 152 0.934 239
18 15 182 0.967 239
18 16 160 0.893 240
18 17 88 0.968 232
18 18 80 0.994 235
18 19 148 0.868 240
18 20 150 0.912 240
18 21 116 0.977 234
18 22 101 0.917 232
18 23 168 0.915 243
18 24 141 0.88 235
18 25 193 0.937 235
18 26 179 0.942 240
18 27 163 0.91 236
18 28 173 0.932 236
18 29 169 0.943 235
18 30 182 0.958 234
18 31 189 0.962 236
18 32 199 0.957 236
18 33 78 0.858 227
18 34 94 0.88 225
18 35 179 0.89 238
18 36 171 0.922 238
18 37 162 0.96 235
18 38 161 0.912 236
18 39 171 0.922 237
18 40 153 0.897 236
18 41 154 0.894 237
18 42 156 0.892 238
18 43 158 0.961 238
18 44 159 0.933 236
18 45 177 0.931 240
18 46 188 0.884 237
18 47 185 0.87 235
18 48 232 0.868 234
19 1 271 0.93 242
19 2 226 0.935 239
19 3 171 0.931 238
19 4 149 0.906 237
19 5 187 0.908 239
19 6 199 0.936 244
19 7 176 0.895 241
19 8 168 0.947 242
19 9 156 0.949 234
19 10 144 0.958 234
19 11 168 0.971 239
19 12 169 0.911 241
19 13 164 0.938 241
19 14 168 0.906 242
19 15 145 0.929 233
19 16 136 0.905 233
19 17 158 0.895 241
19 18 164 0.906 238
19 19 172 0.927 241
19 20 163 0.932 237
19 21 157 0.931 237
19 22 158 0.913 240
19 23 166 0.917 238
19 24 186 0.933 241
19 25 182 0.896 239
19 26 172 0.96 240
19 27 165 0.911 237
19 28 187 0.929 234
19 29 181 0.952 238
19 30 180 0.947 234
19 31 143 0.926 228
19 32 154 0.927 230
19 33 183 0.88 235
19 34 187 0.951 237
19 35 175 0.921 232
19 36 170 0.916 227
19 37 90 0.871 223
19 38 104 0.915 229
19 39 164 0.915 238
19 40 168 0.928 236
19 41 171 0.922 236
19 42 168 0.937 236
19 43 161 0.889 239
19 44 165 0.911 237
19 45 161 0.921 239
19 46 148 0.826 236
19 47 215 0.917 238
19 48 173 0.872 232
20 1 268 0.945 239
20 2 216 0.941 240
20 3 157 0.931 237
20 4 148 0.891 235
20 5 196 0.922 240
20 6 203 0.904 238
20 7 165 0.911 240
20 8 164 0.884 242
20 9 141 0.975 235
20 10 146 0.956 231
20 11 157 0.931 238
20 12 163 0.858 243
20 13 154 0.937 234
20 14 152 0.924 239
20 15 165 0.889 240
20 16 120 0.969 232
20 17 152 0.924 237
20 18 166 0.895 239
20 19 141 0.938 239
20 20 174 0.971 242
20 21 152 0.934 241
20 22 167 0.9 244
20 23 119 0.933 231
20 24 176 0.926 239
20 25 139 0.901 236
20 26 164 0.893 238
20 27 179 0.965 237
20 28 182 0.926 237
20 29 178 0.906 237
20 30 189 0.939 236
20 31 142 0.92 228
20 32 144 0.899 230
20 33 184 0.945 237
20 34 176 0.926 235
20 35 169 0.933 230
20 36 170 0.949 234
20 37 112 0.904 227
20 38 110 0.888 229
20 39 175 0.943 237
20 40 174 0.947 238
20 41 161 0.921 236
20 42 163 0.932 235
20 43 160 0.915 236
20 44 168 0.961 238
20 45 196 0.922 238
20 46 179 0.902 237
20 47 192 0.903 236
20 48 242 0.906 235
21 1 228 0.813 233
21 2 225 0.904 240
21 3 160 0.862 231
21 4 181 0.843 242
21 5 42 0.906 218
21 6 33 0.892 218
21 7 177 0.954 243
21 8 182 0.896 242
21 9 177 0.931 241
21 10 164 0.893 243
21 11 130 0.865 241
21 12 142 0.9 241
21 13 167 0.891 237
21 14 149 0.906 235
21 15 193 0.916 238
21 16 191 0.928 239
21 17 161 0.954 242
21 18 160 0.925 240
21 19 115 0.969 242
21 20 84 0.893 235
21 21 124 0.933 235
21 22 114 0.96 234
21 23 170 0.972 243
21 24 165 0.944 236
21 25 155 0.865 240
21 26 166 0.917 238
21 27 171 0.931 236
21 28 172 0.96 234
21 29 147 0.942 232
21 30 154 0.937 229
21 31 155 0.9 228
21 32 147 0.952 228
21 33 186 0.956 233
21 34 175 0.943 233
21 35 147 0.928 235
21 36 160 0.948 231
21 37 140 0.995 223
21 38 134 0.927 231
21 39 115 0.94 230
21 40 108 0.95 230
21 41 174 0.938 229
21 42 163 0.932 233
21 43 117 0.985 227
21 44 131 0.969 224
21 45 164 0.915 235
21 46 159 0.957 235
21 47 191 0.898 230
21 48 245 0.909 237
22 1 260 0.909 239
22 2 218 0.857 240
22 3 203 0.925 242
22 4 197 0.926 243
22 5 34 0.919 215
22 6 20 0.965 202
22 7 157 0.846 242
22 8 179 0.965 243
22 9 126 0.816 238
22 10 156 0.949 244
22 11 160 0.939 241
22 12 151 0.942 238
22 13 170 0.894 242
22 14 177 0.931 239
22 15 176 0.926 238
22 16 161 0.921 237
22 17 176 0.926 242
22 18 165 0.911 239
22 19 106 0.962 238
22 20 122 0.918 239
22 21 123 0.936 234
22 22 152 0.959 234
22 23 164 0.875 241
22 24 155 0.933 238
22 25 184 0.914 241
22 26 180 0.947 234
22 27 182 0.935 238
22 28 181 0.93 237
22 29 135 0.923 226
22 30 145 0.905 229
22 31 150 0.946 227
22 32 146 0.946 228
22 33 190 0.953 233
22 34 180 0.925 234
22 35 156 0.949 234
22 36 154 0.937 236
22 37 160 0.939 231
22 38 143 0.893 229
22 39 115 0.969 228
22 40 133 0.92 230
22 41 160 0.939 235
22 42 168 0.937 236
22 43 120 0.914 227
22 44 144 0.958 228
22 45 164 0.906 232
22 46 161 0.921 227
22 47 194 0.933 233
22 48 255 0.963 235
23 1 258 0.913 237
23 2 182 0.896 236
23 3 202 0.972 243
23 4 174 0.925 243
23 5 190 0.923 243
23 6 181 0.921 242
23 7 162 0.852 242
23 8 160 0.884 242
23 9 166 0.95 243
23 10 159 0.967 240
23 11 184 0.914 242
23 12 162 0.95 241
23 13 142 0.945 236
23 14 142 0.886 234
23 15 159 0.9 236
23 16 145 0.95 236
23 17 161 0.931 243
23 18 146 0.921 241
23 19 150 0.936 240
23 20 158 0.873 242
23 21 133 0.875 238
23 22 165 0.911 235
23 23 139 0.95 239
23 24 149 0.955 238
23 25 0 0.0 0
23 26 0 0.0 0
23 27 146 0.856 229
23 28 151 0.918 232
23 29 165 0.934 235
23 30 145 0.95 232
23 31 159 0.967 230
23 32 147 0.952 230
23 33 178 0.937 235
23 34 173 0.942 232
23 35 174 0.961 237
23 36 177 0.964 235
23 37 169 0.898 234
23 38 173 0.942 233
23 39 171 0.9 236
23 40 164 0.915 236
23 41 167 0.955 236
23 42 163 0.91 236
23 43 148 0.948 230
23 44 134 0.916 227
23 45 153 0.897 234
23 46 157 0.898 232
23 47 181 0.952 227
23 48 254 0.932 234
24 1 222 0.808 234
24 2 218 0.95 238
24 3 156 0.949 237
24 4 179 0.942 240
24 5 177 0.922 243
24 6 178 0.937 241
24 7 179 0.89 245
24 8 172 0.927 242
24 9 152 0.869 240
24 10 150 0.889 242
24 11 157 0.931 240
24 12 158 0.927 241
24 13 144 0.923 233
24 14 155 0.967 237
24 15 153 0.931 238
24 16 163 0.932 234
24 17 163 0.956 241
24 18 154 0.927 242
24 19 167 0.9 238
24 20 157 0.921 239
24 21 166 0.917 237
24 22 195 0.917 241
24 23 116 0.936 233
24 24 166 0.895 239
24 25 15 0.694 186
24 26 28 -1.0 219
24 27 176 0.949 236
24 28 138 0.944 231
24 29 159 0.9 231
24 30 151 0.918 231
24 31 163 0.966 229
24 32 156 0.892 229
24 33 176 0.949 235
24 34 174 0.938 234
24 35 175 0.921 232
24 36 172 0.927 233
24 37 179 0.942 236
24 38 164 0.884 234
24 39 174 0.938 235
24 40 169 0.889 238
24 41 164 0.884 233
24 42 170 0.916 236
24 43 137 0.963 231
24 44 132 0.965 228
24 45 173 0.932 236
24 46 188 0.892 236
24 47 191 0.972 228
24 48 238 0.866 230
25 1 215 0.838 240
25 2 212 0.924 241
25 3 160 0.862 236
25 4 131 0.872 233
25 5 154 0.881 236
25 6 170 0.916 233
25 7 70 0.917 229
25 8 70 0.953 226
25 9 158 0.873 242
25 10 164 0.884 238
25 11 158 0.823 241
25 12 172 0.927 239
25 13 156 0.939 238
25 14 154 0.903 241
25 15 121 0.86 236
25 16 118 0.914 240
25 17 94 0.892 230
25 18 100 0.967 236
25 19 83 0.926 230
25 20 97 0.897 233
25 21 81 0.891 229
25 22 102 0.886 226
25 23 124 0.907 234
25 24 119 0.961 229
25 25 175 0.943 236
25 26 176 0.926 233
25 27 184 0.945 236
25 28 185 0.932 238
25 29 131 0.896 223
25 30 147 0.952 229
25 31 184 0.968 235
25 32 177 0.954 236
25 33 146 0.936 228
25 34 148 0.948 226
25 35 170 0.949 235
25 36 172 0.905 235
25 37 163 0.932 233
25 38 157 0.921 233
25 39 174 0.938 233
25 40 172 0.905 233
25 41 151 0.942 230
25 42 151 0.918 228
25 43 154 0.972 227
25 44 152 0.949 231
25 45 181 0.934 230
25 46 190 0.944 231
25 47 192 0.903 229
25 48 236 0.909 231
26 1 234 0.775 233
26 2 148 0.826 234
26 3 129 0.892 232
26 4 125 0.925 230
26 5 179 0.911 236
26 6 172 0.918 237
26 7 58 0.943 230
26 8 64 0.942 229
26 9 159 0.943 241
26 10 157 0.921 244
26 11 137 0.937 241
26 12 137 0.855 239
26 13 148 0.9 240
26 14 146 0.921 242
26 15 137 0.902 243
26 16 113 0.886 239
26 17 68 0.911 231
26 18 90 0.912 231
26 19 101 0.946 235
26 20 122 0.929 234
26 21 109 0.93 232
26 22 98 0.906 224
26 23 130 0.935 228
26 24 135 0.96 233
26 25 165 0.911 232
26 26 166 0.917 234
26 27 173 0.932 237
26 28 158 0.917 235
26 29 129 0.917 228
26 30 147 0.952 226
26 31 158 0.895 231
26 32 174 0.971 237
26 33 137 0.912 226
26 34 146 0.911 229
26 35 164 0.915 234
26 36 162 0.904 233
26 37 162 0.927 230
26 38 162 0.96 235
26 39 166 0.95 231
26 40 169 0.957 232
26 41 152 0.915 230
26 42 147 0.918 228
26 43 160 0.862 231
26 44 146 0.921 231
26 45 177 0.954 232
26 46 190 0.935 232
26 47 185 0.89 225
26 48 247 0.925 231
27 1 222 0.866 239
27 2 197 0.906 228
27 3 177 0.922 241
27 4 167 0.922 237
27 5 144 0.909 238
27 6 155 0.967 241
27 7 161 0.931 241
27 8 158 0.951 243
27 9 162 0.96 243
27 10 162 0.95 238
27 11 135 0.923 237
27 12 115 0.94 235
27 13 158 0.961 238
27 14 152 0.84 241
27 15 136 0.93 240
27 16 151 0.918 237
27 17 138 0.908 240
27 18 163 0.966 243
27 19 109 0.891 235
27 20 114 0.893 233
27 21 141 0.904 237
27 22 155 0.919 237
27 23 161 0.868 231
27 24 135 0.888 231
27 25 103 0.867 231
27 26 90 0.882 226
27 27 142 0.877 232
27 28 138 0.918 233
27 29 194 0.921 236
27 30 175 0.943 235
27 31 171 0.954 236
27 32 159 0.887 236
27 33 92 0.89 230
27 34 81 0.849 223
27 35 170 0.949 234
27 36 161 0.889 232
27 37 172 0.95 233
27 38 170 0.926 234
27 39 119 0.961 225
27 40 131 0.931 226
27 41 129 0.917 225
27 42 131 0.958 228
27 43 164 0.928 236
27 44 180 0.907 235
27 45 155 0.943 231
27 46 176 0.958 233
27 47 191 0.898 229
27 48 234 0.92 228
28 1 241 0.902 236
28 2 217 0.946 238
28 3 168 0.897 238
28 4 149 0.93 237
28 5 147 0.885 234
28 6 115 0.928 236
28 7 159 0.967 240
28 8 136 0.919 239
28 9 152 0.939 241
28 10 148 0.91 242
28 11 70 0.953 234
28 12 129 0.928 237
28 13 148 0.948 236
28 14 127 0.913 239
28 15 159 0.91 240
28 16 142 0.956 240
28 17 145 0.882 239
28 18 137 0.912 236
28 19 94 0.922 227
28 20 87 0.925 229
28 21 152 0.924 240
28 22 176 0.935 240
28 23 117 0.917 227
28 24 121 0.86 232
28 25 107 -1.0 229
28 26 87 0.882 226
28 27 139 0.925 232
28 28 131 0.921 233
28 29 163 0.923 237
28 30 158 0.927 233
28 31 162 0.95 234
28 32 165 0.944 236
28 33 104 0.987 226
28 34 105 0.984 223
28 35 167 0.932 235
28 36 168 0.937 233
28 37 179 0.92 233
28 38 171 0.922 232
28 39 137 0.974 228
28 40 116 0.894 224
28 41 132 0.903 226
28 42 134 0.916 228
28 43 174 0.938 232
28 44 172 0.896 234
28 45 167 0.932 231
28 46 175 0.943 230
28 47 183 0.88 225
28 48 245 0.917 227
29 1 209 0.903 233
29 2 178 0.915 237
29 3 161 0.954 234
29 4 175 0.943 239
29 5 118 0.829 235
29 6 112 0.943 232
29 7 129 0.932 235
29 8 161 0.889 241
29 9 143 0.952 236
29 10 140 0.932 238
29 11 111 0.907 238
29 12 109 0.976 238
29 13 152 0.924 236
29 14 159 0.967 241
29 15 145 0.965 237
29 16 144 0.933 238
29 17 151 0.928 240
29 18 145 0.905 237
29 19 144 0.909 237
29 20 172 0.96 237
29 21 164 0.915 234
29 22 171 0.931 233
29 23 157 0.911 231
29 24 132 0.903 226
29 25 163 0.932 235
29 26 157 0.921 234
29 27 155 0.943 236
29 28 166 0.926 237
29 29 156 0.949 234
29 30 152 0.949 231
29 31 174 0.929 235
29 32 144 0.933 235
29 33 158 0.937 233
29 34 163 0.942 232
29 35 150 0.936 226
29 36 146 0.856 226
29 37 159 0.943 230
29 38 142 0.877 229
29 39 166 0.95 229
29 40 164 0.972 233
29 41 191 0.949 227
29 42 188 0.925 229
29 43 165 0.944 231
29 44 148 0.959 228
29 45 161 0.944 228
29 46 164 0.928 228
29 47 185 0.919 225
29 48 227 0.919 226
30 1 215 0.871 233
30 2 158 0.852 229
30 3 183 0.94 234
30 4 161 0.944 235
30 5 141 0.938 239
30 6 113 0.886 229
30 7 133 0.946 236
30 8 143 0.926 236
30 9 144 0.933 235
30 10 137 0.947 239
30 11 105 0.953 234
30 12 111 0.935 239
30 13 152 0.949 241
30 14 144 0.933 236
30 15 154 0.937 239
30 16 106 0.92 233
30 17 125 0.914 231
30 18 135 0.934 237
30 19 152 0.985 233
30 20 165 0.921 236
30 21 161 0.931 235
30 22 160 0.948 235
30 23 152 0.924 232
30 24 144 0.899 230
30 25 161 0.954 238
30 26 160 0.948 234
30 27 164 0.906 236
30 28 164 0.938 235
30 29 163 0.932 233
30 30 107 0.839 228
30 31 148 0.924 233
30 32 155 0.919 234
30 33 163 0.932 232
30 34 168 0.961 236
30 35 121 0.921 223
30 36 132 0.938 226
30 37 164 0.928 228
30 38 157 0.898 228
30 39 162 0.927 227
30 40 152 0.985 228
30 41 174 0.938 227
30 42 195 0.925 228
30 43 163 0.932 230
30 44 162 0.95 228
30 45 175 0.943 229
30 46 173 0.91 227
30 47 172 0.918 223
30 48 217 0.917 222
31 1 211 0.94 230
31 2 192 0.903 231
31 3 167 0.965 233
31 4 123 0.925 229
31 5 133 0.909 234
31 6 157 0.921 238
31 7 147 0.918 236
31 8 144 0.958 232
31 9 150 0.936 235
31 10 152 0.924 238
31 11 143 0.952 237
31 12 147 0.894 240
31 13 137 0.937 232
31 14 144 0.923 236
31 15 121 0.937 236
31 16 119 0.846 231
31 17 142 0.92 236
31 18 149 0.955 236
31 19 117 0.944 233
31 20 163 0.932 235
31 21 155 0.943 232
31 22 160 0.893 237
31 23 154 0.89 239
31 24 157 0.921 236
31 25 155 0.887 235
31 26 148 0.959 235
31 27 129 0.943 227
31 28 123 0.841 230
31 29 117 0.933 231
31 30 136 0.941 230
31 31 148 0.924 232
31 32 161 0.944 231
31 33 135 0.923 227
31 34 163 0.932 231
31 35 169 0.943 231
31 36 158 0.937 226
31 37 154 0.927 227
31 38 163 0.91 231
31 39 170 0.939 230
31 40 167 0.9 225
31 41 154 0.903 221
31 42 159 0.9 224
31 43 156 0.949 227
31 44 156 0.915 223
31 45 168 0.937 226
31 46 178 0.937 222
31 47 195 0.917 223
31 48 184 0.885 218
32 1 324 0.93 225
32 2 311 0.932 228
32 3 268 0.902 228
32 4 244 0.921 231
32 5 251 0.91 234
32 6 232 0.92 237
32 7 224 0.907 240
32 8 213 0.958 235
32 9 221 0.914 236
32 10 217 0.925 234
32 11 188 0.943 235
32 12 209 0.911 238
32 13 174 0.947 237
32 14 164 0.875 237
32 15 164 0.938 237
32 16 171 0.922 238
32 17 162 0.927 237
32 18 161 0.954 236
32 19 155 0.887 234
32 20 170 0.907 236
32 21 179 0.942 238
32 22 160 0.915 236
32 23 163 0.91 237
32 24 145 0.905 235
32 25 158 0.937 237
32 26 143 0.902 232
32 27 171 0.9 236
32 28 149 0.94 236
32 29 155 0.919 232
32 30 128 0.91 231
32 31 158 0.904 232
32 32 203 0.946 233
32 33 181 0.962 229
32 34 207 0.902 223
32 35 195 0.908 224
32 36 226 0.915 227
32 37 223 0.923 227
32 38 220 0.938 227
32 39 236 0.928 225
32 40 223 0.931 230
32 41 235 0.924 228
32 42 216 0.933 227
32 43 217 0.954 227
32 44 232 0.94 224
32 45 215 0.909 222
32 46 210 0.915 217
32 47 264 0.931 220
32 48 322 0.94 217
