#row  column  size-1  circ-1  MedInt-1
1 1 280 0.91 223
1 2 243 0.91 225
1 3 232 0.886 221
1 4 221 0.869 228
1 5 208 0.947 228
1 6 211 0.9 231
1 7 176 0.926 234
1 8 195 0.917 229
1 9 204 0.889 232
1 10 189 0.939 236
1 11 181 0.952 231
1 12 154 0.927 234
1 13 170 0.949 233
1 14 152 0.892 240
1 15 171 0.931 240
1 16 177 0.954 235
1 17 127 0.94 238
1 18 186 0.924 239
1 19 162 0.936 240
1 20 156 0.949 241
1 21 152 0.924 238
1 22 166 0.904 239
1 23 154 0.927 238
1 24 157 0.955 237
1 25 164 0.938 233
1 26 157 0.907 235
1 27 163 0.879 237
1 28 164 0.884 235
1 29 162 0.927 233
1 30 153 0.945 237
1 31 159 0.919 234
1 32 157 0.907 232
1 33 159 0.91 229
1 34 141 0.89 236
1 35 152 0.924 233
1 36 154 0.917 236
1 37 150 0.828 237
1 38 132 0.928 232
1 39 156 0.892 229
1 40 158 0.891 231
1 41 167 0.922 233
1 42 158 0.904 232
1 43 166 0.926 231
1 44 155 0.909 222
1 45 194 0.864 221
1 46 208 0.887 219
1 47 200 0.911 214
1 48 278 0.928 220
2 1 235 0.887 216
2 2 177 0.945 223
2 3 169 0.933 225
2 4 175 0.967 235
2 5 164 0.938 230
2 6 164 0.928 237
2 7 158 0.947 238
2 8 187 0.899 239
2 9 167 0.909 236
2 10 149 0.874 230
2 11 170 0.949 233
2 12 165 0.889 239
2 13 183 0.922 239
2 14 164 0.884 239
2 15 170 0.939 237
2 16 170 0.939 237
2 17 148 0.868 240
2 18 166 0.95 239
2 19 161 0.889 240
2 20 158 0.961 238
2 21 160 0.948 239
2 22 183 0.953 239
2 23 148 0.9 236
2 24 171 0.922 238
2 25 165 0.911 233
2 26 157 0.846 239
2 27 175 0.921 235
2 28 165 0.944 235
2 29 178 0.927 238
2 30 180 0.874 239
2 31 153 0.875 235
2 32 163 0.91 239
2 33 154 0.913 233
2 34 138 0.861 237
2 35 144 0.958 234
2 36 163 0.9 238
2 37 156 0.915 237
2 38 161 0.921 236
2 39 147 0.978 234
2 40 128 0.936 234
2 41 125 0.952 230
2 42 140 0.957 233
2 43 147 0.918 233
2 44 147 0.952 232
2 45 121 0.9 229
2 46 125 0.94 225
2 47 133 0.92 218
2 48 193 0.887 216
3 1 222 0.891 232
3 2 192 0.874 232
3 3 193 0.916 229
3 4 170 0.916 228
3 5 173 0.942 238
3 6 176 0.926 239
3 7 155 0.943 233
3 8 167 0.965 231
3 9 169 0.911 238
3 10 164 0.854 239
3 11 180 0.895 238
3 12 148 0.838 234
3 13 147 0.952 234
3 14 158 0.843 236
3 15 170 0.894 236
3 16 165 0.889 234
3 17 153 0.884 232
3 18 166 0.904 240
3 19 179 0.911 242
3 20 177 0.954 236
3 21 162 0.936 237
3 22 161 0.889 239
3 23 178 0.856 240
3 24 174 0.916 237
3 25 161 0.877 237
3 26 191 0.898 239
3 27 177 0.909 238
3 28 182 0.935 237
3 29 167 0.932 232
3 30 176 0.917 232
3 31 190 0.944 236
3 32 183 0.909 239
3 33 164 0.884 240
3 34 174 0.916 240
3 35 123 0.936 235
3 36 126 0.932 237
3 37 154 0.913 237
3 38 147 0.952 234
3 39 100 0.842 235
3 40 139 0.95 237
3 41 135 0.949 237
3 42 138 0.918 238
3 43 131 0.921 233
3 44 152 0.949 231
3 45 107 0.874 226
3 46 144 0.923 230
3 47 122 0.834 226
3 48 189 0.897 218
4 1 221 0.895 231
4 2 199 0.936 231
4 3 184 0.914 233
4 4 179 0.911 233
4 5 158 0.904 237
4 6 182 0.913 241
4 7 165 0.889 237
4 8 171 0.922 238
4 9 162 0.936 234
4 10 157 0.921 237
4 11 174 0.971 239
4 12 178 0.946 241
4 13 157 0.876 243
4 14 170 0.949 240
4 15 172 0.95 242
4 16 180 0.925 244
4 17 167 0.9 243
4 18 180 0.925 238
4 19 169 0.943 242
4 20 184 0.936 242
4 21 175 0.921 239
4 22 148 0.9 228
4 23 172 0.96 241
4 24 173 0.91 239
4 25 190 0.944 240
4 26 183 0.931 238
4 27 177 0.922 237
4 28 178 0.937 238
4 29 186 0.924 236
4 30 180 0.827 236
4 31 173 0.901 235
4 32 174 0.907 235
4 33 149 0.92 231
4 34 163 0.858 235
4 35 125 0.889 239
4 36 125 0.94 233
4 37 154 0.972 236
4 38 150 0.912 236
4 39 144 0.876 239
4 40 152 0.924 237
4 41 157 0.921 239
4 42 141 0.938 238
4 43 141 0.949 238
4 44 157 0.931 236
4 45 118 0.925 232
4 46 127 0.94 232
4 47 175 0.912 232
4 48 165 0.978 227
5 1 225 0.809 234
5 2 181 0.912 235
5 3 201 0.924 236
5 4 163 0.91 236
5 5 171 0.891 236
5 6 172 0.875 247
5 7 145 0.939 236
5 8 125 0.914 234
5 9 175 0.861 245
5 10 159 0.896 239
5 11 142 0.886 239
5 12 145 0.965 236
5 13 189 0.909 234
5 14 164 0.915 235
5 15 146 0.888 236
5 16 169 0.889 242
5 17 108 0.95 233
5 18 107 0.901 226
5 19 155 0.943 238
5 20 142 0.93 235
5 21 162 0.882 240
5 22 166 0.917 236
5 23 173 0.91 242
5 24 167 0.932 237
5 25 121 0.91 230
5 26 117 0.944 230
5 27 181 0.9 241
5 28 173 0.91 239
5 29 37 0.928 216
5 30 61 0.992 227
5 31 160 0.939 236
5 32 163 0.966 236
5 33 105 0.953 233
5 34 112 0.915 227
5 35 166 0.886 238
5 36 153 0.897 238
5 37 93 0.912 235
5 38 104 0.944 232
5 39 109 0.88 228
5 40 125 0.94 229
5 41 148 0.9 239
5 42 144 0.933 239
5 43 135 0.949 238
5 44 132 0.903 236
5 45 139 0.845 236
5 46 168 0.937 237
5 47 173 0.932 233
5 48 164 0.843 232
6 1 245 0.917 231
6 2 217 0.917 236
6 3 178 0.959 237
6 4 183 0.953 241
6 5 177 0.931 245
6 6 160 0.939 238
6 7 157 0.955 241
6 8 151 0.953 238
6 9 174 0.947 243
6 10 179 0.911 244
6 11 158 0.961 236
6 12 161 0.921 235
6 13 179 0.942 242
6 14 171 0.879 238
6 15 156 0.939 242
6 16 154 0.913 239
6 17 104 0.944 232
6 18 104 0.956 230
6 19 136 0.905 234
6 20 130 0.899 236
6 21 179 0.911 242
6 22 169 0.933 236
6 23 164 0.906 239
6 24 164 0.893 239
6 25 118 0.936 234
6 26 122 0.892 231
6 27 170 0.949 236
6 28 189 0.939 241
6 29 54 0.863 224
6 30 42 0.971 221
6 31 157 0.955 235
6 32 152 0.892 237
6 33 121 0.895 234
6 34 112 0.904 233
6 35 160 0.939 240
6 36 158 0.961 238
6 37 91 0.935 233
6 38 111 0.964 234
6 39 115 0.928 234
6 40 124 0.944 238
6 41 158 0.937 241
6 42 151 0.909 238
6 43 117 0.906 234
6 44 157 0.931 240
6 45 150 0.936 239
6 46 152 0.892 234
6 47 134 0.868 231
6 48 145 0.829 232
7 1 239 0.884 236
7 2 195 0.88 238
7 3 194 0.912 236
7 4 181 0.952 237
7 5 186 0.956 241
7 6 184 0.914 241
7 7 99 0.86 237
7 8 109 0.907 238
7 9 173 0.91 243
7 10 163 0.91 241
7 11 158 0.927 238
7 12 190 0.873 241
7 13 156 0.925 240
7 14 149 0.93 241
7 15 176 0.875 242
7 16 163 0.932 240
7 17 169 0.889 246
7 18 175 0.912 244
7 19 169 0.92 246
7 20 166 0.904 242
7 21 166 0.926 237
7 22 168 0.961 240
7 23 167 0.955 238
7 24 171 0.922 241
7 25 181 0.879 240
7 26 178 0.906 241
7 27 168 0.937 241
7 28 178 0.959 239
7 29 197 0.957 242
7 30 188 0.934 239
7 31 95 0.932 227
7 32 92 0.932 229
7 33 171 0.9 242
7 34 169 0.933 240
7 35 149 0.94 241
7 36 163 0.942 242
7 37 175 0.921 242
7 38 148 0.9 237
7 39 110 0.967 238
7 40 111 0.964 236
7 41 160 0.948 241
7 42 151 0.928 240
7 43 140 0.968 238
7 44 151 0.928 240
7 45 151 0.886 237
7 46 148 0.847 240
7 47 159 0.91 233
7 48 209 0.911 234
8 1 253 0.885 240
8 2 205 0.934 235
8 3 191 0.878 241
8 4 174 0.885 238
8 5 177 0.931 241
8 6 182 0.905 241
8 7 71 0.77 231
8 8 108 0.91 231
8 9 168 0.855 239
8 10 162 0.895 239
8 11 166 0.95 236
8 12 153 0.921 237
8 13 148 0.959 237
8 14 162 0.936 240
8 15 161 0.921 244
8 16 162 0.895 243
8 17 156 0.939 242
8 18 158 0.937 237
8 19 168 0.937 241
8 20 170 0.894 244
8 21 165 0.944 237
8 22 174 0.938 241
8 23 159 0.837 241
8 24 178 0.937 241
8 25 180 0.916 234
8 26 187 0.929 238
8 27 178 0.937 239
8 28 181 0.976 240
8 29 181 0.976 236
8 30 175 0.943 238
8 31 99 -1.0 229
8 32 83 0.946 230
8 33 166 0.917 237
8 34 175 0.921 240
8 35 171 0.944 241
8 36 155 0.909 238
8 37 150 0.936 235
8 38 169 0.88 242
8 39 106 0.962 235
8 40 103 0.965 231
8 41 171 0.944 240
8 42 152 0.901 236
8 43 154 0.937 243
8 44 141 0.913 239
8 45 154 0.903 239
8 46 162 0.873 238
8 47 141 0.938 233
8 48 208 0.927 232
9 1 261 0.931 242
9 2 226 0.935 242
9 3 194 0.942 233
9 4 185 0.941 239
9 5 173 0.923 244
9 6 173 0.932 240
9 7 176 0.926 236
9 8 172 0.936 241
9 9 174 0.916 242
9 10 175 0.912 238
9 11 157 0.98 240
9 12 165 0.93 244
9 13 163 0.879 241
9 14 158 0.873 245
9 15 150 0.912 235
9 16 154 0.937 235
9 17 167 0.9 240
9 18 160 0.884 239
9 19 177 0.909 241
9 20 166 0.926 244
9 21 157 0.867 240
9 22 178 0.959 241
9 23 168 0.906 239
9 24 163 0.966 240
9 25 193 0.907 240
9 26 166 0.974 238
9 27 162 0.904 235
9 28 148 0.959 234
9 29 180 0.925 238
9 30 173 0.932 238
9 31 176 0.917 238
9 32 192 0.903 238
9 33 174 0.938 238
9 34 165 0.944 241
9 35 161 0.898 239
9 36 179 0.92 239
9 37 128 0.936 232
9 38 133 0.92 234
9 39 136 0.881 237
9 40 165 0.889 243
9 41 135 0.96 238
9 42 143 0.916 241
9 43 155 0.919 239
9 44 175 0.89 240
9 45 127 0.929 237
9 46 125 0.914 235
9 47 193 0.887 237
9 48 231 0.916 240
10 1 268 0.902 239
10 2 212 0.916 238
10 3 192 0.924 237
10 4 169 0.933 234
10 5 175 0.943 241
10 6 149 0.965 238
10 7 174 0.938 245
10 8 159 0.933 242
10 9 162 0.985 244
10 10 170 0.916 242
10 11 148 0.924 241
10 12 154 0.913 241
10 13 171 0.922 243
10 14 163 0.9 242
10 15 154 0.913 238
10 16 155 0.909 235
10 17 193 0.95 242
10 18 164 0.938 240
10 19 158 0.927 239
10 20 166 0.926 243
10 21 178 0.856 238
10 22 168 0.835 241
10 23 171 0.922 242
10 24 174 0.947 235
10 25 161 0.898 238
10 26 176 0.926 237
10 27 156 0.949 235
10 28 155 0.933 235
10 29 180 0.925 235
10 30 178 0.915 237
10 31 179 0.933 238
10 32 175 0.953 236
10 33 162 0.927 236
10 34 169 0.943 240
10 35 164 0.893 239
10 36 160 0.939 237
10 37 111 0.907 230
10 38 127 0.955 232
10 39 160 0.915 241
10 40 155 0.909 242
10 41 159 0.91 239
10 42 146 0.946 239
10 43 147 0.942 237
10 44 146 0.936 237
10 45 115 0.901 234
10 46 114 0.893 229
10 47 195 0.956 240
10 48 201 0.924 238
11 1 245 0.917 236
11 2 205 0.893 243
11 3 196 0.901 240
11 4 172 0.927 240
11 5 183 0.931 239
11 6 163 0.966 244
11 7 169 0.911 242
11 8 166 0.959 243
11 9 154 0.872 244
11 10 178 0.906 235
11 11 145 0.915 242
11 12 147 0.963 241
11 13 136 0.967 238
11 14 134 0.953 241
11 15 119 0.961 236
11 16 129 0.932 236
11 17 161 0.944 245
11 18 167 0.932 241
11 19 153 0.931 235
11 20 154 0.913 241
11 21 171 0.879 241
11 22 186 0.895 242
11 23 154 0.881 238
11 24 162 0.873 239
11 25 118 0.953 233
11 26 131 0.931 234
11 27 132 0.903 236
11 28 133 0.973 234
11 29 169 0.933 238
11 30 167 0.922 236
11 31 165 0.978 239
11 32 150 0.936 238
11 33 172 0.936 237
11 34 159 0.91 237
11 35 170 0.894 237
11 36 144 0.885 241
11 37 146 0.936 238
11 38 162 0.904 236
11 39 158 0.927 236
11 40 143 0.902 234
11 41 140 0.874 238
11 42 138 0.918 235
11 43 146 0.911 239
11 44 152 0.934 238
11 45 144 0.923 238
11 46 156 0.832 240
11 47 161 0.88 236
11 48 219 0.926 234
12 1 273 0.797 241
12 2 211 0.83 241
12 3 190 0.944 237
12 4 163 0.891 239
12 5 173 0.932 240
12 6 166 0.917 242
12 7 180 0.947 244
12 8 168 0.961 245
12 9 162 0.917 243
12 10 157 0.98 242
12 11 152 0.892 241
12 12 151 0.864 241
12 13 128 0.963 240
12 14 135 0.898 241
12 15 118 0.936 238
12 16 134 0.927 239
12 17 171 0.954 244
12 18 150 0.936 240
12 19 148 0.934 241
12 20 157 0.898 242
12 21 202 0.929 245
12 22 173 0.965 243
12 23 160 0.948 239
12 24 166 0.926 241
12 25 133 0.92 235
12 26 134 0.916 235
12 27 131 0.896 236
12 28 132 0.913 236
12 29 182 0.926 236
12 30 172 0.96 238
12 31 170 0.916 233
12 32 164 0.938 236
12 33 170 0.894 238
12 34 163 0.923 237
12 35 164 0.915 237
12 36 148 0.891 239
12 37 149 0.93 236
12 38 153 0.897 237
12 39 170 0.939 238
12 40 139 0.901 236
12 41 153 0.931 241
12 42 151 0.864 239
12 43 145 0.939 240
12 44 130 0.924 239
12 45 148 0.891 237
12 46 157 0.921 239
12 47 178 0.885 232
12 48 205 0.922 238
13 1 194 0.813 234
13 2 193 0.816 237
13 3 121 0.895 233
13 4 119 0.933 236
13 5 153 0.875 243
13 6 168 0.937 244
13 7 161 0.944 243
13 8 167 0.87 245
13 9 181 0.952 243
13 10 171 0.922 245
13 11 152 0.915 238
13 12 155 0.933 243
13 13 169 0.933 241
13 14 166 0.959 241
13 15 158 0.927 238
13 16 172 0.95 236
13 17 132 0.913 241
13 18 157 0.955 237
13 19 156 0.915 240
13 20 166 0.95 243
13 21 118 0.898 232
13 22 116 0.909 233
13 23 161 0.868 243
13 24 153 0.941 240
13 25 165 0.88 241
13 26 174 0.938 239
13 27 171 0.922 238
13 28 170 0.949 237
13 29 173 0.901 237
13 30 172 0.936 234
13 31 182 0.958 235
13 32 177 0.954 237
13 33 150 0.912 230
13 34 157 0.955 232
13 35 157 0.921 234
13 36 163 0.91 238
13 37 133 0.946 234
13 38 143 0.962 235
13 39 153 0.845 238
13 40 141 0.938 237
13 41 146 0.946 236
13 42 144 0.923 240
13 43 128 0.875 231
13 44 126 0.896 235
13 45 139 0.877 235
13 46 170 0.916 240
13 47 183 0.909 235
13 48 221 0.88 238
14 1 273 0.919 236
14 2 219 0.887 236
14 3 140 0.907 236
14 4 122 0.892 235
14 5 181 0.93 239
14 6 159 0.828 239
14 7 174 0.938 244
14 8 164 0.938 245
14 9 159 0.957 245
14 10 163 0.91 240
14 11 163 0.956 241
14 12 158 0.913 244
14 13 170 0.886 246
14 14 164 0.915 242
14 15 141 0.949 229
14 16 147 0.928 235
14 17 160 0.948 241
14 18 120 0.941 239
14 19 138 0.894 240
14 20 159 0.943 241
14 21 116 0.883 233
14 22 121 0.895 235
14 23 158 0.927 238
14 24 180 0.925 243
14 25 176 0.926 241
14 26 176 0.926 238
14 27 160 0.902 238
14 28 166 0.926 237
14 29 164 0.938 236
14 30 171 0.9 234
14 31 181 0.891 236
14 32 186 0.924 231
14 33 135 0.908 225
14 34 134 0.882 231
14 35 168 0.928 238
14 36 152 0.934 235
14 37 125 0.864 233
14 38 141 0.949 233
14 39 143 0.926 235
14 40 140 0.907 237
14 41 138 0.944 237
14 42 132 0.965 238
14 43 125 0.889 238
14 44 92 0.85 229
14 45 149 0.897 240
14 46 161 0.921 233
14 47 176 0.875 236
14 48 210 0.888 238
15 1 267 0.934 239
15 2 217 0.836 240
15 3 199 0.923 243
15 4 187 0.908 244
15 5 177 0.88 244
15 6 172 0.936 241
15 7 174 0.947 239
15 8 164 0.962 242
15 9 141 0.938 240
15 10 162 0.895 243
15 11 154 0.937 240
15 12 150 0.922 242
15 13 163 0.932 244
15 14 167 0.922 244
15 15 156 0.892 244
15 16 166 0.95 244
15 17 161 0.944 244
15 18 154 0.927 243
15 19 184 0.945 238
15 20 189 0.918 239
15 21 159 0.933 243
15 22 152 0.915 242
15 23 156 0.902 235
15 24 148 0.948 232
15 25 44 0.996 223
15 26 59 0.936 221
15 27 169 0.933 240
15 28 162 0.917 236
15 29 169 0.933 237
15 30 168 0.906 238
15 31 174 0.848 236
15 32 178 0.969 236
15 33 171 0.891 234
15 34 167 0.891 236
15 35 160 0.884 237
15 36 156 0.862 238
15 37 140 0.932 233
15 38 143 0.902 237
15 39 147 0.918 241
15 40 142 0.91 238
15 41 126 0.959 238
15 42 130 0.899 237
15 43 152 0.915 237
15 44 148 0.891 236
15 45 148 0.938 240
15 46 159 0.933 236
15 47 143 0.822 236
15 48 216 0.921 237
16 1 277 0.914 238
16 2 202 0.92 235
16 3 154 0.83 238
16 4 187 0.929 241
16 5 190 0.944 244
16 6 193 0.937 239
16 7 166 0.926 243
16 8 167 0.932 242
16 9 173 0.91 245
16 10 158 0.904 243
16 11 162 0.904 243
16 12 157 0.907 242
16 13 153 0.907 242
16 14 164 0.915 241
16 15 172 0.936 245
16 16 156 0.892 239
16 17 147 0.952 244
16 18 145 0.939 241
16 19 181 0.921 236
16 20 194 0.912 240
16 21 150 0.88 242
16 22 147 0.942 242
16 23 156 0.949 231
16 24 137 0.897 233
16 25 52 0.982 225
16 26 45 0.812 218
16 27 166 0.917 238
16 28 158 0.927 234
16 29 174 0.938 238
16 30 168 0.928 239
16 31 172 0.927 236
16 32 180 0.925 235
16 33 172 0.96 236
16 34 176 0.949 234
16 35 164 0.938 239
16 36 156 0.925 237
16 37 140 0.932 236
16 38 129 0.907 232
16 39 152 0.924 237
16 40 132 0.903 235
16 41 139 0.925 234
16 42 129 0.982 233
16 43 161 0.898 237
16 44 141 0.913 239
16 45 135 0.884 235
16 46 154 0.937 237
16 47 143 0.79 235
16 48 230 0.905 233
17 1 255 0.835 239
17 2 196 0.873 238
17 3 184 0.894 235
17 4 176 0.926 241
17 5 173 0.932 246
17 6 166 0.917 242
17 7 181 0.952 242
17 8 190 0.923 240
17 9 85 0.878 231
17 10 66 0.988 231
17 11 170 0.926 243
17 12 152 0.959 241
17 13 160 0.948 240
17 14 142 0.945 234
17 15 140 0.907 239
17 16 164 0.938 243
17 17 67 0.933 230
17 18 89 0.946 235
17 19 155 0.887 245
17 20 146 0.911 239
17 21 108 0.883 235
17 22 116 0.909 236
17 23 147 0.894 238
17 24 144 0.933 241
17 25 140 0.897 239
17 26 159 0.967 240
17 27 133 0.935 235
17 28 160 0.948 237
17 29 152 0.915 236
17 30 164 0.948 237
17 31 161 0.954 232
17 32 173 0.932 232
17 33 126 0.959 229
17 34 133 0.946 229
17 35 167 0.922 236
17 36 162 0.96 235
17 37 142 0.91 231
17 38 144 0.943 234
17 39 157 0.931 239
17 40 140 0.932 236
17 41 144 0.923 235
17 42 126 0.948 237
17 43 138 0.944 236
17 44 142 0.864 238
17 45 147 0.894 233
17 46 152 0.915 235
17 47 180 0.895 237
17 48 167 0.913 234
18 1 262 0.942 237
18 2 195 0.888 238
18 3 188 0.896 237
18 4 184 0.945 241
18 5 180 0.925 245
18 6 175 0.912 245
18 7 195 0.917 244
18 8 175 0.921 243
18 9 79 0.913 231
18 10 85 0.949 231
18 11 166 0.926 242
18 12 136 0.93 241
18 13 152 0.915 241
18 14 149 0.94 238
18 15 163 0.91 240
18 16 155 0.967 240
18 17 80 0.88 230
18 18 75 0.872 232
18 19 119 0.87 240
18 20 129 0.943 239
18 21 112 0.943 235
18 22 106 0.92 235
18 23 140 0.907 241
18 24 144 0.899 240
18 25 123 0.899 234
18 26 142 0.982 238
18 27 152 0.924 235
18 28 157 0.931 236
18 29 162 0.936 236
18 30 165 0.944 234
18 31 169 0.967 235
18 32 178 0.906 235
18 33 129 0.917 227
18 34 133 0.957 228
18 35 164 0.915 235
18 36 154 0.903 236
18 37 160 0.948 237
18 38 149 0.93 236
18 39 162 0.895 239
18 40 144 0.933 234
18 41 114 0.96 231
18 42 139 0.901 236
18 43 153 0.921 239
18 44 145 0.905 236
18 45 156 0.939 239
18 46 168 0.827 237
18 47 175 0.89 236
18 48 199 0.831 235
19 1 247 0.899 240
19 2 205 0.913 238
19 3 172 0.905 238
19 4 150 0.972 239
19 5 193 0.928 243
19 6 192 0.903 245
19 7 19 -1.0 204
19 8 19 -1.0 204
19 9 157 0.945 236
19 10 144 0.958 236
19 11 164 0.928 243
19 12 158 0.904 241
19 13 158 0.927 236
19 14 130 0.903 239
19 15 168 0.937 239
19 16 160 0.915 240
19 17 152 0.974 241
19 18 145 0.939 239
19 19 147 0.894 239
19 20 140 0.874 244
19 21 122 0.867 237
19 22 140 0.907 240
19 23 125 0.914 236
19 24 165 0.944 239
19 25 171 0.931 240
19 26 156 0.939 234
19 27 167 0.955 237
19 28 161 0.898 233
19 29 160 0.948 232
19 30 172 0.927 236
19 31 138 0.918 230
19 32 139 0.935 229
19 33 174 0.925 233
19 34 159 0.933 235
19 35 162 0.844 235
19 36 163 0.91 234
19 37 108 0.938 227
19 38 102 0.926 227
19 39 160 0.915 237
19 40 150 0.88 236
19 41 153 0.907 236
19 42 151 0.918 237
19 43 142 0.945 237
19 44 147 0.952 235
19 45 160 0.929 236
19 46 162 0.904 236
19 47 177 0.901 233
19 48 211 0.892 235
20 1 258 0.902 240
20 2 166 0.817 237
20 3 171 0.931 240
20 4 152 0.911 238
20 5 190 0.882 240
20 6 197 0.878 244
20 7 19 -1.0 199
20 8 21 -1.0 193
20 9 146 0.946 236
20 10 130 0.889 236
20 11 142 0.945 240
20 12 168 0.928 243
20 13 153 0.931 243
20 14 158 0.927 237
20 15 153 0.884 239
20 16 137 0.878 234
20 17 142 0.945 238
20 18 150 0.946 238
20 19 143 0.86 238
20 20 149 0.906 243
20 21 140 0.932 242
20 22 146 0.936 242
20 23 124 0.882 237
20 24 146 0.856 241
20 25 152 0.949 237
20 26 151 0.928 237
20 27 161 0.898 239
20 28 158 0.937 236
20 29 162 0.95 237
20 30 168 0.928 237
20 31 140 0.932 229
20 32 130 0.951 224
20 33 171 0.909 234
20 34 165 0.921 236
20 35 153 0.921 231
20 36 164 0.915 234
20 37 113 0.912 233
20 38 105 0.953 231
20 39 160 0.948 238
20 40 150 0.936 235
20 41 145 0.882 232
20 42 146 0.888 237
20 43 147 0.942 238
20 44 135 0.923 233
20 45 180 0.916 236
20 46 161 0.921 235
20 47 178 0.927 235
20 48 218 0.894 234
21 1 237 0.855 234
21 2 185 0.87 231
21 3 179 0.89 235
21 4 155 0.878 241
21 5 84 0.971 232
21 6 62 0.892 227
21 7 176 0.926 245
21 8 194 0.933 243
21 9 175 0.912 243
21 10 159 0.91 243
21 11 134 0.815 240
21 12 165 0.86 244
21 13 161 0.912 240
21 14 159 0.919 238
21 15 163 0.9 239
21 16 168 0.855 240
21 17 142 0.91 241
21 18 148 0.877 241
21 19 95 0.851 240
21 20 75 0.967 231
21 21 114 0.972 236
21 22 132 0.938 237
21 23 147 0.885 240
21 24 141 0.938 238
21 25 173 0.956 242
21 26 163 0.956 238
21 27 159 0.933 236
21 28 163 0.932 235
21 29 146 0.911 234
21 30 149 0.94 232
21 31 139 0.95 227
21 32 145 0.905 231
21 33 166 0.917 236
21 34 163 0.9 235
21 35 152 0.924 232
21 36 131 0.947 232
21 37 128 0.963 230
21 38 135 0.934 230
21 39 103 0.935 229
21 40 98 0.961 227
21 41 147 0.942 231
21 42 140 0.932 230
21 43 118 0.964 227
21 44 129 0.907 224
21 45 131 0.906 230
21 46 151 0.942 234
21 47 175 0.912 233
21 48 205 0.866 234
22 1 241 0.843 238
22 2 206 0.909 235
22 3 182 0.926 240
22 4 178 0.959 242
22 5 61 0.849 227
22 6 59 0.835 225
22 7 163 0.919 242
22 8 168 0.855 241
22 9 161 0.965 244
22 10 154 0.89 243
22 11 151 0.895 239
22 12 143 0.937 245
22 13 163 0.932 236
22 14 161 0.944 239
22 15 161 0.889 234
22 16 145 0.873 237
22 17 147 0.908 242
22 18 138 0.954 239
22 19 68 0.926 233
22 20 92 0.964 234
22 21 122 0.929 235
22 22 150 0.936 235
22 23 173 0.889 241
22 24 145 0.905 241
22 25 153 0.921 239
22 26 167 0.955 239
22 27 161 0.847 237
22 28 163 0.91 238
22 29 142 0.982 233
22 30 140 0.942 232
22 31 144 0.933 228
22 32 141 0.88 230
22 33 159 0.943 235
22 34 152 0.959 232
22 35 144 0.923 232
22 36 142 0.92 232
22 37 161 0.912 233
22 38 139 0.961 230
22 39 108 0.938 227
22 40 101 0.877 227
22 41 150 0.936 234
22 42 139 0.925 236
22 43 111 0.964 226
22 44 145 0.965 231
22 45 136 0.905 232
22 46 113 0.764 228
22 47 177 0.931 230
22 48 229 0.928 232
23 1 247 0.906 237
23 2 149 0.751 232
23 3 189 0.93 242
23 4 179 0.89 242
23 5 162 0.936 240
23 6 157 0.921 241
23 7 169 0.967 242
23 8 171 0.922 243
23 9 153 0.921 243
23 10 147 0.928 238
23 11 153 0.866 242
23 12 152 0.939 240
23 13 142 0.945 237
23 14 133 0.92 238
23 15 149 0.93 238
23 16 134 0.882 237
23 17 132 0.938 238
23 18 147 0.928 241
23 19 143 0.916 241
23 20 146 0.921 240
23 21 161 0.921 240
23 22 128 0.842 234
23 23 118 0.888 235
23 24 132 0.913 237
23 25 0 0.0 0
23 26 0 0.0 0
23 27 144 0.974 236
23 28 153 0.931 235
23 29 144 0.933 233
23 30 132 0.913 230
23 31 146 0.972 227
23 32 144 0.958 229
23 33 160 0.925 234
23 34 150 0.926 233
23 35 162 0.96 235
23 36 155 0.943 229
23 37 153 0.931 230
23 38 154 0.937 234
23 39 156 0.974 234
23 40 150 0.912 235
23 41 141 0.949 230
23 42 153 0.931 235
23 43 134 0.942 229
23 44 116 0.873 222
23 45 155 0.909 236
23 46 152 0.949 234
23 47 162 0.917 228
23 48 229 0.901 232
24 1 253 0.928 237
24 2 201 0.924 238
24 3 175 0.861 235
24 4 154 0.851 236
24 5 154 0.937 241
24 6 163 0.9 242
24 7 141 0.913 239
24 8 147 0.928 243
24 9 142 0.877 243
24 10 151 0.953 245
24 11 127 0.845 239
24 12 152 0.924 240
24 13 149 0.874 233
24 14 151 0.909 237
24 15 146 0.936 240
24 16 142 0.945 235
24 17 146 0.961 239
24 18 133 0.92 228
24 19 138 0.875 235
24 20 152 0.949 240
24 21 153 0.955 240
24 22 177 0.909 241
24 23 123 0.976 235
24 24 146 0.897 237
24 25 0 0.0 0
24 26 0 0.0 0
24 27 162 0.895 236
24 28 142 0.945 233
24 29 146 0.911 232
24 30 136 0.941 230
24 31 141 0.913 231
24 32 140 0.897 226
24 33 153 0.907 235
24 34 146 0.901 233
24 35 157 0.931 235
24 36 151 0.932 232
24 37 153 0.921 232
24 38 153 0.907 232
24 39 145 0.915 227
24 40 148 0.924 233
24 41 150 0.912 232
24 42 154 0.913 235
24 43 125 0.963 230
24 44 120 0.914 227
24 45 147 0.918 232
24 46 179 0.861 232
24 47 182 0.948 230
24 48 209 0.857 227
25 1 213 0.889 235
25 2 189 0.861 238
25 3 157 0.921 238
25 4 159 0.91 236
25 5 162 0.917 238
25 6 159 0.878 238
25 7 88 0.922 230
25 8 82 0.872 228
25 9 157 0.921 241
25 10 147 0.942 241
25 11 164 0.938 242
25 12 150 0.903 234
25 13 139 0.95 234
25 14 145 0.905 238
25 15 151 0.918 239
25 16 137 0.912 242
25 17 96 0.86 232
25 18 97 0.951 233
25 19 84 0.957 226
25 20 81 0.923 228
25 21 104 0.876 233
25 22 131 0.921 228
25 23 129 0.943 231
25 24 136 0.941 229
25 25 168 0.937 235
25 26 162 0.936 234
25 27 152 0.892 235
25 28 172 0.96 235
25 29 129 0.954 229
25 30 140 0.932 229
25 31 155 0.919 234
25 32 157 0.931 235
25 33 137 0.912 228
25 34 129 0.917 224
25 35 152 0.915 231
25 36 151 0.942 231
25 37 143 0.952 228
25 38 143 0.926 233
25 39 151 0.968 234
25 40 145 0.939 230
25 41 133 0.935 228
25 42 130 0.962 226
25 43 135 0.908 230
25 44 125 0.889 229
25 45 155 0.909 227
25 46 164 0.928 229
25 47 169 0.911 226
25 48 219 0.861 228
26 1 232 0.894 233
26 2 182 0.848 237
26 3 158 0.927 230
26 4 124 0.882 232
26 5 150 0.936 235
26 6 166 0.95 242
26 7 77 0.835 231
26 8 72 0.876 228
26 9 150 0.88 242
26 10 134 0.868 241
26 11 154 0.937 239
26 12 142 0.886 241
26 13 147 0.928 241
26 14 137 0.912 238
26 15 144 0.923 238
26 16 144 0.985 239
26 17 106 0.949 231
26 18 102 0.955 226
26 19 93 0.883 222
26 20 106 0.92 232
26 21 101 0.946 233
26 22 119 0.895 230
26 23 129 0.943 231
26 24 133 0.909 233
26 25 157 0.941 236
26 26 146 0.911 230
26 27 152 0.924 237
26 28 165 0.954 240
26 29 126 0.921 233
26 30 125 0.952 227
26 31 157 0.955 234
26 32 158 0.927 236
26 33 133 0.935 229
26 34 136 0.93 227
26 35 150 0.972 231
26 36 147 0.952 229
26 37 143 0.952 232
26 38 140 0.907 230
26 39 142 0.945 230
26 40 151 0.942 233
26 41 144 0.923 232
26 42 138 0.918 230
26 43 125 0.94 225
26 44 119 0.87 225
26 45 152 0.924 228
26 46 159 0.967 226
26 47 175 0.921 226
26 48 207 0.894 229
27 1 204 0.844 234
27 2 196 0.901 237
27 3 178 0.959 239
27 4 149 0.897 235
27 5 141 0.904 239
27 6 154 0.903 242
27 7 166 0.959 242
27 8 164 0.875 241
27 9 144 0.867 239
27 10 158 0.961 241
27 11 120 0.964 239
27 12 124 0.944 237
27 13 148 0.891 242
27 14 139 0.891 239
27 15 135 0.923 240
27 16 117 0.917 234
27 17 146 0.936 240
27 18 135 0.934 235
27 19 100 0.937 235
27 20 100 0.937 230
27 21 136 0.93 232
27 22 147 0.862 235
27 23 150 0.926 234
27 24 144 0.923 232
27 25 108 0.938 233
27 26 116 0.92 231
27 27 61 0.913 225
27 28 16 -1.0 191
27 29 187 0.938 238
27 30 165 0.954 237
27 31 150 0.912 234
27 32 151 0.942 235
27 33 78 0.921 221
27 34 91 0.922 222
27 35 160 0.915 233
27 36 145 0.929 228
27 37 144 0.909 229
27 38 145 0.939 228
27 39 126 0.921 223
27 40 126 0.921 227
27 41 110 0.967 224
27 42 104 0.944 224
27 43 160 0.915 233
27 44 164 0.972 232
27 45 150 0.912 230
27 46 151 0.886 224
27 47 174 0.938 227
27 48 188 0.812 224
28 1 148 0.779 226
28 2 155 0.816 236
28 3 158 0.904 236
28 4 158 0.961 236
28 5 139 0.891 237
28 6 125 0.952 235
28 7 157 0.955 241
28 8 143 0.916 239
28 9 139 0.95 239
28 10 141 0.904 238
28 11 116 0.948 231
28 12 112 0.904 230
28 13 149 0.906 243
28 14 143 0.893 240
28 15 118 0.888 235
28 16 150 0.903 240
28 17 138 0.908 239
28 18 134 0.916 235
28 19 104 0.944 235
28 20 107 0.971 232
28 21 151 0.942 238
28 22 157 0.911 237
28 23 142 0.91 231
28 24 136 0.871 232
28 25 99 0.898 228
28 26 116 0.909 222
28 27 31 0.937 214
28 28 51 0.865 224
28 29 148 0.914 232
28 30 156 0.949 232
28 31 145 0.965 234
28 32 154 0.937 236
28 33 111 0.935 224
28 34 99 0.94 223
28 35 154 0.903 234
28 36 147 0.942 226
28 37 155 0.943 231
28 38 149 0.94 232
28 39 128 0.936 227
28 40 115 0.94 221
28 41 111 0.935 225
28 42 111 0.935 225
28 43 146 0.946 229
28 44 164 0.962 231
28 45 140 0.897 230
28 46 145 0.905 225
28 47 174 0.916 227
28 48 210 0.877 222
29 1 229 0.92 236
29 2 151 0.761 233
29 3 164 0.952 236
29 4 166 0.917 238
29 5 129 0.932 238
29 6 113 0.964 237
29 7 137 0.888 238
29 8 156 0.915 241
29 9 149 0.965 232
29 10 139 0.95 238
29 11 113 0.912 236
29 12 113 0.952 236
29 13 139 0.925 241
29 14 137 0.912 238
29 15 162 0.95 231
29 16 130 0.924 236
29 17 123 0.964 237
29 18 152 0.949 235
29 19 147 0.928 234
29 20 143 0.916 234
29 21 146 0.888 235
29 22 147 0.928 233
29 23 146 0.936 230
29 24 157 0.955 235
29 25 149 0.93 232
29 26 147 0.918 236
29 27 146 0.936 234
29 28 149 0.992 235
29 29 152 0.974 234
29 30 130 0.879 233
29 31 143 0.926 233
29 32 152 0.924 232
29 33 139 0.915 230
29 34 139 0.901 226
29 35 134 0.916 224
29 36 132 0.928 228
29 37 145 0.915 228
29 38 135 0.898 229
29 39 140 0.957 230
29 40 141 0.904 227
29 41 174 0.885 227
29 42 170 0.916 225
29 43 149 0.906 229
29 44 148 0.924 230
29 45 138 0.944 224
29 46 165 0.944 226
29 47 168 0.906 221
29 48 213 0.9 225
30 1 174 0.837 229
30 2 160 0.842 228
30 3 166 0.895 235
30 4 159 0.933 237
30 5 133 0.946 236
30 6 114 0.893 235
30 7 142 0.945 237
30 8 146 0.879 239
30 9 107 0.917 238
30 10 148 0.891 239
30 11 100 0.937 230
30 12 108 0.91 236
30 13 114 0.948 239
30 14 144 0.923 240
30 15 118 0.888 233
30 16 111 0.907 232
30 17 126 0.959 238
30 18 108 0.883 232
30 19 139 0.915 232
30 20 149 0.897 236
30 21 152 0.924 230
30 22 149 0.93 230
30 23 144 0.889 233
30 24 139 0.95 230
30 25 143 0.926 235
30 26 149 0.906 235
30 27 127 0.929 231
30 28 123 0.936 233
30 29 151 0.909 230
30 30 129 0.907 222
30 31 145 0.873 233
30 32 136 0.941 232
30 33 145 0.821 230
30 34 143 0.87 233
30 35 128 0.936 222
30 36 129 0.943 222
30 37 149 0.965 229
30 38 145 0.939 232
30 39 134 0.953 226
30 40 134 0.927 229
30 41 168 0.906 224
30 42 191 0.94 227
30 43 136 0.905 227
30 44 137 0.902 226
30 45 151 0.942 228
30 46 151 0.968 222
30 47 171 0.922 222
30 48 168 0.884 219
31 1 198 0.931 230
31 2 159 0.933 222
31 3 141 0.88 229
31 4 123 0.899 229
31 5 151 0.928 240
31 6 140 0.907 240
31 7 150 0.936 241
31 8 110 0.862 233
31 9 134 0.868 238
31 10 139 0.901 240
31 11 130 0.94 238
31 12 124 0.96 235
31 13 138 0.944 238
31 14 55 0.858 223
31 15 127 0.929 236
31 16 121 0.91 234
31 17 113 0.886 236
31 18 126 0.988 232
31 19 123 0.874 237
31 20 148 0.91 237
31 21 149 0.852 236
31 22 136 0.858 225
31 23 144 0.933 237
31 24 107 0.864 231
31 25 131 0.896 235
31 26 140 0.957 234
31 27 131 0.921 232
31 28 131 0.931 232
31 29 113 0.912 234
31 30 88 0.851 227
31 31 124 0.955 228
31 32 142 0.934 235
31 33 130 0.865 232
31 34 141 0.89 233
31 35 157 0.98 233
31 36 130 0.889 226
31 37 142 0.92 228
31 38 146 0.946 229
31 39 136 0.941 226
31 40 133 0.909 227
31 41 135 0.843 223
31 42 136 0.941 226
31 43 124 0.907 221
31 44 149 0.897 223
31 45 158 0.927 226
31 46 152 0.949 220
31 47 147 0.853 221
31 48 172 0.759 222
32 1 289 0.866 222
32 2 269 0.905 229
32 3 264 0.923 236
32 4 217 0.917 235
32 5 200 0.899 234
32 6 187 0.951 238
32 7 181 0.943 241
32 8 187 0.908 242
32 9 185 0.898 240
32 10 158 0.937 236
32 11 145 0.905 238
32 12 151 0.918 239
32 13 154 0.937 240
32 14 137 0.912 240
32 15 147 0.918 240
32 16 116 0.909 236
32 17 147 0.952 239
32 18 130 0.899 234
32 19 144 0.923 238
32 20 150 0.922 238
32 21 126 0.862 234
32 22 152 0.924 236
32 23 146 0.911 235
32 24 115 0.818 233
32 25 140 0.851 236
32 26 157 0.889 235
32 27 147 0.908 232
32 28 145 0.905 235
32 29 160 0.915 234
32 30 142 0.945 232
32 31 156 0.925 234
32 32 145 0.915 229
32 33 150 0.946 227
32 34 164 0.906 227
32 35 196 0.943 223
32 36 189 0.939 228
32 37 204 0.917 222
32 38 191 0.907 222
32 39 212 0.924 228
32 40 212 0.896 223
32 41 216 0.941 221
32 42 204 0.959 220
32 43 206 0.947 221
32 44 207 0.875 217
32 45 227 0.893 219
32 46 205 0.942 214
32 47 240 0.898 215
32 48 312 0.911 212
