ID	11
Name	spombe-del-ver4
Type	384
Category	384 well plate
c	r	Gene
1	1	SPCC290.04
2	1	SPBC1105.18c
3	1	SPBP4H10.07
4	1	SPBC1604.04
5	1	SPCC1259.12c
6	1	SPBC1683.01
7	1	SPCC1259.13
8	1	SPBC1773.15
9	1	SPBC119.07
10	1	SPBC25H2.16c
11	1	SPAC16E8.09
12	1	SPBC27B12.07
13	1	SPBC14F5.12c
14	1	SPBC29A3.11c
15	1	SPCC4F11.02
16	1	SPBC83.10
17	1	SPCC1235.06
18	1	SPBC887.01
19	1	SPBC19G7.08c
20	1	SPBPB21E7.04c
21	1	SPCC285.11
22	1	SPBPB21E7.05
23	1	SPAC1705.03c
24	1	SPCC1529.01
1	2	SPBC460.05
2	2	0
3	2	SPBC839.20
4	2	0
5	2	SPCC1235.18
6	2	0
7	2	SPBC8D2.23
8	2	0
9	2	SPBC8E4.12c
10	2	0
11	2	SPCC1235.16
12	2	0
13	2	SPCC18.20
14	2	0
15	2	SPCC330.21
16	2	0
17	2	SPCC4B3.20
18	2	0
19	2	SPBC29A10.08
20	2	0
21	2	SPBC3D6.08c
22	2	0
23	2	SPCC16C4.03
24	2	0
1	3	SPAC56F8.08
2	3	SPCC2H8.02
3	3	SPBC1718.01
4	3	SPCC320.05
5	3	SPCC4E9.01c
6	3	SPCC330.19c
7	3	SPBC16C6.14
8	3	SPCC417.10
9	3	SPAPJ696.02
10	3	SPCC794.04c
11	3	SPCC794.08
12	3	SPCC794.06
13	3	SPBC337.08c
14	3	SPCC825.02
15	3	SPAC1486.10
16	3	SPCC965.04c
17	3	SPBC1105.12
18	3	SPCC4B3.16
19	3	SPBC15D4.02
20	3	SPAC977.01
21	3	SPCC663.18
22	3	SPAC977.07c
23	3	SPAC12G12.17
24	3	SPBC1E8.05
1	4	SPBC1778.07
2	4	0
3	4	SPAC3H1.09c
4	4	0
5	4	SPAC24H6.04
6	4	0
7	4	SPBC11G11.05
8	4	0
9	4	SPCC1235.14
10	4	0
11	4	SPBC27.03
12	4	0
13	4	SPBC3H7.15
14	4	0
15	4	SPCC550.10
16	4	0
17	4	SPCC1020.01c
18	4	0
19	4	SPCC4B3.10c
20	4	0
21	4	SPCP31B10.03c
22	4	0
23	4	SPCC569.08c
24	4	0
1	5	SPBC16E9.16c
2	5	SPAC15A10.17
3	5	SPAC1002.15c
4	5	SPAC1486.11
5	5	SPCC1183.12
6	5	SPAC19G12.17
7	5	SPBC4F6.15c
8	5	SPAC4D7.14
9	5	SPAP8A3.05
10	5	SPAC19A8.16
11	5	SPBC32C12.02
12	5	SPAC3F10.19
13	5	SPBP16F5.04
14	5	SPBC1105.19
15	5	SPBC12C2.13c
16	5	SPBC56F2.15
17	5	SPCC1902.02
18	5	SPBC21B10.14
19	5	SPAPB1E7.14
20	5	SPAC1071.13
21	5	SPAC607.09c
22	5	SPAC1093.07
23	5	SPAC4D7.08c
24	5	SPAC110.05
1	6	SPBC29A10.13
2	6	0
3	6	SPBC839.11c
4	6	0
5	6	SPBC26H8.14c
6	6	0
7	6	SPAC24B11.09
8	6	0
9	6	SPAC17A5.19
10	6	0
11	6	SPAC1B2.06
12	6	0
13	6	SPCC569.09
14	6	0
15	6	SPAC25G10.04c
16	6	0
17	6	SPAC139.01c
18	6	0
19	6	SPBC28F2.07
20	6	0
21	6	SPBC16E9.03c
22	6	0
23	6	SPAC6F6.12
24	6	0
1	7	SPBC713.06
2	7	SPAC11D3.19
3	7	SPCC1442.08c
4	7	SPAC1399.06
5	7	SPAC22F3.10c
6	7	SPAC25B8.20
7	7	SPAC2F3.01
8	7	SPAC343.21
9	7	SPCC553.07c
10	7	SPAC4H3.16
11	7	SPBP4H10.20
12	7	SPAC9G1.14
13	7	SPAC30D11.04c
14	7	SPACUNK4.20
15	7	SPAC5H10.08c
16	7	SPAPJ695.02
17	7	SPCC338.12
18	7	SPBC1685.17
19	7	SPCC736.15
20	7	SPBC16E9.20
21	7	SPCC737.02c
22	7	SPBC19G7.19
23	7	SPAC644.15
24	7	SPBC21B10.15
1	8	SPAC977.03
2	8	0
3	8	SPCC794.16
4	8	0
5	8	SPBC651.10
6	8	0
7	8	SPBC649.04
8	8	0
9	8	SPAC19B12.06c
10	8	0
11	8	SPAC25B8.08
12	8	0
13	8	SPAC6G10.10c
14	8	0
15	8	SPAC7D4.14c
16	8	0
17	8	SPAC869.01
18	8	0
19	8	SPBC1773.13
20	8	0
21	8	SPBC21C3.15c
22	8	0
23	8	SPBC1683.05
24	8	0
1	9	SPAC24H6.02c
2	9	SPBC30B4.09
3	9	SPAC11E3.01c
4	9	SPBC336.16
5	9	SPBC15C4.01c
6	9	SPBC36.13
7	9	SPCC576.04
8	9	SPBC651.07
9	9	SPAC1687.17c
10	9	SPBC713.13
11	9	SPAC6F12.10c
12	9	SPBP23A10.17
13	9	SPBC19C7.03
14	9	SPBP35G2.17
15	9	SPCC970.06
16	9	SPBP8B7.32
17	9	SPCC4B3.17
18	9	SPBPB21E7.10
19	9	SPAC19G12.11
20	9	SPBPB21E7.11
21	9	SPCC1739.09c
22	9	SPCC1235.17
23	9	SPAC1039.10
24	9	SPCC1259.16
1	10	SPBC21H7.03c
2	10	0
3	10	SPBC36.01c
4	10	0
5	10	SPBC36.02c
6	10	0
7	10	SPBC36.03c
8	10	0
9	10	SPBC3H7.02
10	10	0
11	10	SPBC83.12
12	10	0
13	10	SPBC83.13
14	10	0
15	10	SPBC839.16
16	10	0
17	10	SPBPB21E7.09
18	10	0
19	10	SPCC1020.03
20	10	0
21	10	SPCC1393.12
22	10	0
23	10	SPCC1672.11c
24	10	0
1	11	SPBC4B4.02c
2	11	SPCC188.14
3	11	SPAC3H5.05c
4	11	SPCPB16A4.07
5	11	SPBP23A10.12
6	11	SPAC17D4.01
7	11	SPCC1259.05c
8	11	SPAC1F7.14c
9	11	SPAC513.01c
10	11	SPAC222.17
11	11	SPBC3E7.01
12	11	SPAC222.18
13	11	SPAC1783.04c
14	11	SPAC22F3.15
15	11	SPBC23G7.09
16	11	SPAC25H1.10c
17	11	SPCC830.04c
18	11	SPAC26A3.17c
19	11	SPAC17C9.02c
20	11	SPAC27E2.14
21	11	SPAC458.05
22	11	SPAC29A4.22
23	11	SPAC821.11
24	11	SPAC2H10.04
1	12	SPCC1682.06
2	12	0
3	12	SPCC16C4.16c
4	12	0
5	12	SPCC191.01
6	12	0
7	12	SPCC757.13
8	12	0
9	12	SPCC895.08c
10	12	0
11	12	SPCC962.01
12	12	0
13	12	SPBC530.02
14	12	0
15	12	SPAC3H5.13
16	12	0
17	12	SPAPB15E9.06
18	12	0
19	12	SPBC32F12.17
20	12	0
21	12	SPCC417.16
22	12	0
23	12	SPAC11D3.11c
24	12	0
1	13	SPCC18.11c
2	13	SPAC4F10.22
3	13	SPAC10F6.01c
4	13	SPAC4H3.17
5	13	SPAC26A3.01
6	13	SPAC57A7.15c
7	13	SPAC7D4.07c
8	13	SPAC688.16
9	13	SPBC577.08c
10	13	SPAC6B12.19
11	13	SPAC19A8.08
12	13	SPAC6F6.19
13	13	SPAC16.03c
14	13	SPAC869.11
15	13	SPBC354.14c
16	13	SPAC922.09
17	13	SPCC1795.02c
18	13	SPBC1604.25
19	13	SPCC1906.03
20	13	SPBC17D1.17
21	13	SPCC736.05
22	13	SPBC18E5.09c
23	13	SPBC16D10.06
24	13	SPBC19F8.08
1	14	SPAC16E8.18c
2	14	0
3	14	SPAC1834.13
4	14	0
5	14	SPAC1952.04c
6	14	0
7	14	SPAC1B3.21
8	14	0
9	14	SPAC20G4.09
10	14	0
11	14	SPAC23A1.20
12	14	0
13	14	SPAC23H4.21
14	14	0
15	14	SPAC6B12.18
16	14	0
17	14	SPAC926.10
18	14	0
19	14	SPBC115.03
20	14	0
21	14	SPBC13E7.11
22	14	0
23	14	SPBC14C8.09c
24	14	0
1	15	EMPTY
2	15	SPBC19G7.01c
3	15	SPAC1039.07c
4	15	EMPTY
5	15	SPAC1039.11c
6	15	SPBC26H8.16
7	15	SPAC186.02c
8	15	SPBC28E12.06c
9	15	SPAC19G12.05
10	15	SPBC2A9.14
11	15	SPAC1B3.20
12	15	SPBC2F12.17
13	15	SPAC1F12.07
14	15	SPBC30D10.21
15	15	SPAC20H4.09
16	15	SPBC32H8.15
17	15	SPAC3H1.02c
18	15	SPBC3H7.18
19	15	SPAC5H10.03
20	15	SPBC460.01c
21	15	SPAC607.02c
22	15	SPBC460.02c
23	15	EMPTY
24	15	EMPTY
1	16	SPBC24C6.13
2	16	0
3	16	SPBC460.04c
4	16	0
5	16	EMPTY
6	16	0
7	16	SPBC887.22
8	16	0
9	16	SPCC1672.14
10	16	0
11	16	wildtype
12	16	0
13	16	SPAC1039.01
14	16	0
15	16	SPAP14E8.05c
16	16	0
17	16	SPBC25H2.18
18	16	0
19	16	SPBC460.03
20	16	0
21	16	SPBC839.19
22	16	0
23	16	EMPTY
24	16	0
